0,0.75952,0.69478,0.76973,0.8381,0.85686,0.98515
0.75952,0,0.70079,0.68968,0.70011,0.80391,0.93175
0.69478,0.70079,0,0.47438,0.42625,0.53787,0.87829
0.76973,0.68968,0.47438,0,0.29722,0.39263,0.77749
0.8381,0.70011,0.42625,0.29722,0,0.17749,0.68005
0.85686,0.80391,0.53787,0.39263,0.17749,0,0.55748
0.98515,0.93175,0.87829,0.77749,0.68005,0.55748,0
