0,1.8002,1.6187,1.2754,0.44699,1.9937,0.59875,2.0904,2.0087,1.797,1.8002,0,2.2135,1.689,1.8595,0.77942,1.6332,1.3575,2.454,1.9748,1.6187,2.2135,0,2.237,1.2729,1.9945,1.1474,1.8595,0.45566,2.1521,1.2754,1.689,2.237,0,1.6145,2.2744,1.2079,1.5677,2.4504,0.81074,0.44699,1.8595,1.2729,1.6145,0,1.8776,0.56817,2.1113,1.699,2.0048,1.9937,0.77942,1.9945,2.2744,1.8776,0,1.7856,1.6831,2.241,2.4946,0.59875,1.6332,1.1474,1.2079,0.56817,1.7856,0,1.6029,1.4866,1.4656,2.0904,1.3575,1.8595,1.5677,2.1113,1.6831,1.6029,0,1.8595,1.2074,2.0087,2.454,0.45566,2.4504,1.699,2.241,1.4866,1.8595,0,2.2135,1.797,1.9748,2.1521,0.81074,2.0048,2.4946,1.4656,1.2074,2.2135,0
0,2.2224,2.0735,1.7023,0.96419,1.9743,1.2462,2.1538,2.4245,1.4965,2.2224,0,2.6604,1.7062,2.0213,1.2068,2.3959,0.64301,1.8853,1.8712,2.0735,2.6604,0,2.6047,1.2462,2.4051,0.89026,2.302,1.1714,1.7655,1.7023,1.7062,2.6047,0,2.0076,2.4222,1.9776,1.3761,2.4202,0.89237,0.96419,2.0213,1.2462,2.0076,0,1.5797,0.71184,1.8849,1.5978,1.4573,1.9743,1.2068,2.4051,2.4222,1.5797,0,2.2062,1.5847,1.8849,2.313,1.2462,2.3959,0.89026,1.9776,0.71184,2.2062,0,2.0735,1.5978,1.2091,2.1538,0.64301,2.302,1.3761,1.8849,1.5847,2.0735,0,1.5402,1.3908,2.4245,1.8853,1.1714,2.4202,1.5978,1.8849,1.5978,1.5402,0,1.7858,1.4965,1.8712,1.7655,0.89237,1.4573,2.313,1.2091,1.3908,1.7858,0
0,2.03,2.1406,1.5755,0.77263,2.0395,1.0983,2.4064,2.1888,1.7741,2.03,0,2.3025,0.70442,2.2608,1.0074,2.263,1.4736,2.03,1.3256,2.1406,2.3025,0,1.947,1.876,1.6584,2.0567,2.0497,0.73831,1.7689,1.5755,0.70442,1.947,0,1.6342,1.2228,1.5843,1.0823,1.5921,0.69527,0.77263,2.2608,1.876,1.6342,0,2.2702,0.45405,2.1259,1.8054,1.5053,2.0395,1.0074,1.6584,1.2228,2.2702,0,2.4263,1.8791,1.6852,1.6605,1.0983,2.263,2.0567,1.5843,0.45405,2.4263,0,1.9082,1.8204,1.3256,2.4064,1.4736,2.0497,1.0823,2.1259,1.8791,1.9082,0,1.3832,0.63864,2.1888,2.03,0.73831,1.5921,1.8054,1.6852,1.8204,1.3832,0,1.2184,1.7741,1.3256,1.7689,0.69527,1.5053,1.6605,1.3256,0.63864,1.2184,0
0,1.561,0.97166,0.71595,0.26681,1.9014,0.79601,1.8601,1.5784,1.2213,1.561,0,1.8409,1.8377,1.5387,1.1447,2.0729,1.5734,2.0473,1.8643,0.97166,1.8409,0,1.6188,0.96341,2.3207,1.4997,2.2234,1.2739,2.0951,0.71595,1.8377,1.6188,0,0.86226,1.8443,0.71661,2.0653,2.094,0.95979,0.26681,1.5387,0.96341,0.86226,0,2.0204,1.035,1.9948,1.7143,1.3815,1.9014,1.1447,2.3207,1.8443,2.0204,0,2.0473,1.6172,2.2785,1.8015,0.79601,2.0729,1.4997,0.71661,1.035,2.0473,0,1.8071,1.6195,0.90063,1.8601,1.5734,2.2234,2.0653,1.9948,1.6172,1.8071,0,1.5052,1.4493,1.5784,2.0473,1.2739,2.094,1.7143,2.2785,1.6195,1.5052,0,2.0263,1.2213,1.8643,2.0951,0.95979,1.3815,1.8015,0.90063,1.4493,2.0263,0
0,2.3978,1.5296,1.4932,0.48605,3.8382,0.45303,2.3208,1.8427,1.8229,2.3978,0,2.7923,2.8256,2.3495,1.7007,2.1762,1.1689,2.126,2.607,1.5296,2.7923,0,1.7971,1.1119,3.7034,1.3679,2.0294,0.96116,1.7584,1.4932,2.8256,1.7971,0,1.6072,3.8686,1.6956,2.4982,1.8718,0.68734,0.48605,2.3495,1.1119,1.6072,0,3.6948,0.41473,2.0828,1.4958,1.827,3.8382,1.7007,3.7034,3.8686,3.6948,0,3.5569,1.6987,2.7823,3.3893,0.45303,2.1762,1.3679,1.6956,0.41473,3.5569,0,2.0297,1.5823,1.8647,2.3208,1.1689,2.0294,2.4982,2.0828,1.6987,2.0297,0,1.169,2.1149,1.8427,2.126,0.96116,1.8718,1.4958,2.7823,1.5823,1.169,0,1.529,1.8229,2.607,1.7584,0.68734,1.827,3.3893,1.8647,2.1149,1.529,0
0,1.6693,1.512,1.3362,0.52865,2.0641,1.3015,1.8371,2.3529,1.6601,1.6693,0,2.3,1.4383,1.8133,1.9459,2.2891,1.0338,2.9406,2.0707,1.512,2.3,0,2.1818,1.3873,1.7163,1.3949,1.8373,1.1429,1.9391,1.3362,1.4383,2.1818,0,1.3362,1.7209,1.3481,1.3796,2.501,0.88627,0.52865,1.8133,1.3873,1.3362,0,1.7169,0.9616,1.8395,2.1298,1.549,2.0641,1.9459,1.7163,1.7209,1.7169,0,1.4529,1.3194,1.7098,1.5925,1.3015,2.2891,1.3949,1.3481,0.9616,1.4529,0,1.8804,1.5471,0.97247,1.8371,1.0338,1.8373,1.3796,1.8395,1.3194,1.8804,0,2.1298,1.5413,2.3529,2.9406,1.1429,2.501,2.1298,1.7098,1.5471,2.1298,0,1.8804,1.6601,2.0707,1.9391,0.88627,1.549,1.5925,0.97247,1.5413,1.8804,0
0,2.6595,2.1957,2.0107,0.73556,1.9717,1.6521,1.9312,2.8413,2.4127,2.6595,0,3.2413,2.402,2.3975,1.3132,3.2012,2.1831,3.3431,3.0789,2.1957,3.2413,0,2.6367,2.0193,1.9322,1.7814,2.4397,1.3588,2.2217,2.0107,2.402,2.6367,0,1.3165,1.9624,1.9918,2.1213,2.9085,1.4434,0.73556,2.3975,2.0193,1.3165,0,1.6534,1.3168,1.618,2.515,1.7543,1.9717,1.3132,1.9322,1.9624,1.6534,0,2.2251,1.6506,2.1759,2.2631,1.6521,3.2012,1.7814,1.9918,1.3168,2.2251,0,1.4704,1.7332,1.2452,1.9312,2.1831,2.4397,2.1213,1.618,1.6506,1.4704,0,2.0401,1.7782,2.8413,3.3431,1.3588,2.9085,2.515,2.1759,1.7332,2.0401,0,1.9325,2.4127,3.0789,2.2217,1.4434,1.7543,2.2631,1.2452,1.7782,1.9325,0
0,1.766,1.8206,0.75782,0.71654,2.2186,1.2214,2.3417,2.8111,1.6045,1.766,0,2.0719,1.29,1.3728,1.1966,2.5561,1.4617,2.7447,2.0106,1.8206,2.0719,0,1.9738,1.5731,1.5594,1.4535,1.864,1.0199,1.7396,0.75782,1.29,1.9738,0,0.81499,1.9783,1.7573,2.0219,2.9171,1.5415,0.71654,1.3728,1.5731,0.81499,0,1.6045,1.6041,2.2045,2.5561,1.8906,2.2186,1.1966,1.5594,1.9783,1.6045,0,2.6473,1.751,2.006,2.4512,1.2214,2.5561,1.4535,1.7573,1.6041,2.6473,0,2.4706,2.2564,1.4234,2.3417,1.4617,1.864,2.0219,2.2045,1.751,2.4706,0,2.1174,1.4235,2.8111,2.7447,1.0199,2.9171,2.5561,2.006,2.2564,2.1174,0,2.3417,1.6045,2.0106,1.7396,1.5415,1.8906,2.4512,1.4234,1.4235,2.3417,0
0,0.53476,1.8347,0.77768,1.267,1.585,1.8705,2.1214,1.8783,1.6141,0.53476,0,1.3294,0.41405,0.78418,1.2297,1.6668,1.8329,1.7766,1.3285,1.8347,1.3294,0,1.2668,0.92567,0.86256,1.6139,1.5318,1.8293,1.3627,0.77768,0.41405,1.2668,0,0.87376,1.1303,1.9687,2.1004,1.925,1.6432,1.267,0.78418,0.92567,0.87376,0,1.3626,1.6071,1.4991,2.111,1.1522,1.585,1.2297,0.86256,1.1303,1.3626,0,1.6668,1.8793,1.2377,1.5912,1.8705,1.6668,1.6139,1.9687,1.6071,1.6668,0,0.63327,1.3335,0.5723,2.1214,1.8329,1.5318,2.1004,1.4991,1.8793,0.63327,0,1.8788,0.67159,1.8783,1.7766,1.8293,1.925,2.111,1.2377,1.3335,1.8788,0,1.59,1.6141,1.3285,1.3627,1.6432,1.1522,1.5912,0.5723,0.67159,1.59,0
0,1.5929,1.7257,1.0083,0.7385,1.9334,1.2399,2.1479,3.1048,1.4064,1.5929,0,1.8551,1.5661,1.8965,1.4996,2.6493,1.4988,3.792,1.8983,1.7257,1.8551,0,2.4677,1.7687,0.80463,2.4537,2.1915,2.2291,2.3656,1.0083,1.5661,2.4677,0,1.6385,2.3667,1.4852,1.8581,3.7338,0.95849,0.7385,1.8965,1.7687,1.6385,0,2.1972,1.721,2.7596,3.3035,2.1439,1.9334,1.4996,0.80463,2.3667,2.1972,0,2.6635,1.5421,2.5269,2.145,1.2399,2.6493,2.4537,1.4852,1.721,2.6635,0,2.5721,2.845,1.338,2.1479,1.4988,2.1915,1.8581,2.7596,1.5421,2.5721,0,3.3035,1.386,3.1048,3.792,2.2291,3.7338,3.3035,2.5269,2.845,3.3035,0,3.1485,1.4064,1.8983,2.3656,0.95849,2.1439,2.145,1.338,1.386,3.1485,0
0,2.3298,1.9659,1.4035,1.6942,2.167,0.97474,2.1813,1.9386,1.2541,2.3298,0,2.1872,2.3667,2.3909,1.8902,2.1451,1.8252,2.1384,1.604,1.9659,2.1872,0,1.9999,2.405,1.9724,2.3083,2.2569,0.88722,1.5074,1.4035,2.3667,1.9999,0,1.9964,2.6527,1.0343,2.0818,2.0528,0.89961,1.6942,2.3909,2.405,1.9964,0,2.2328,1.3676,1.1117,1.7928,1.5652,2.167,1.8902,1.9724,2.6527,2.2328,0,2.487,1.7805,2.0578,2.0624,0.97474,2.1451,2.3083,1.0343,1.3676,2.487,0,1.7898,2.0805,0.96197,2.1813,1.8252,2.2569,2.0818,1.1117,1.7805,1.7898,0,1.7895,1.5053,1.9386,2.1384,0.88722,2.0528,1.7928,2.0578,2.0805,1.7895,0,1.4032,1.2541,1.604,1.5074,0.89961,1.5652,2.0624,0.96197,1.5053,1.4032,0
0,2.2249,2.1158,1.2131,0.62056,1.8476,1.4329,2.0478,1.799,1.7324,2.2249,0,1.9851,1.7732,2.2228,1.1208,2.4486,0.86126,2.5771,2.0503,2.1158,1.9851,0,2.4908,2.0503,2.227,1.6983,1.8646,1.4278,2.2812,1.2131,1.7732,2.4908,0,1.1623,1.5721,1.7309,1.4581,2.1397,1.2131,0.62056,2.2228,2.0503,1.1623,0,2.1364,1.4981,2.0511,1.7908,1.8011,1.8476,1.1208,2.227,1.5721,2.1364,0,2.1008,1.0612,2.3694,1.6382,1.4329,2.4486,1.6983,1.7309,1.4981,2.1008,0,1.8476,0.52135,1.1245,2.0478,0.86126,1.8646,1.4581,2.0511,1.0612,1.8476,0,2.003,1.2827,1.799,2.5771,1.4278,2.1397,1.7908,2.3694,0.52135,2.003,0,1.4979,1.7324,2.0503,2.2812,1.2131,1.8011,1.6382,1.1245,1.2827,1.4979,0
0,2.8068,1.8659,1.5753,0.53358,2.8258,0.68026,2.616,1.3866,1.9026,2.8068,0,3.3302,2.9857,2.7221,2.1389,2.2576,1.8907,2.5318,2.8133,1.8659,3.3302,0,1.4365,1.3917,2.0095,1.7845,2.1389,1.2117,2.0558,1.5753,2.9857,1.4365,0,1.3788,2.4177,1.4012,1.836,1.879,0.70047,0.53358,2.7221,1.3917,1.3788,0,2.432,0.59301,2.3143,0.94919,1.7962,2.8258,2.1389,2.0095,2.4177,2.432,0,2.3768,1.0949,1.7861,2.6296,0.68026,2.2576,1.7845,1.4012,0.59301,2.3768,0,2.0908,1.2092,1.5867,2.616,1.8907,2.1389,1.836,2.3143,1.0949,2.0908,0,2.0907,1.7994,1.3866,2.5318,1.2117,1.879,0.94919,1.7861,1.2092,2.0907,0,2.3275,1.9026,2.8133,2.0558,0.70047,1.7962,2.6296,1.5867,1.7994,2.3275,0
0,1.7348,1.6894,1.3111,0.7784,2.4923,1.6489,2.7565,2.2829,2.0523,1.7348,0,1.6118,1.2641,2.0522,1.156,2.5746,1.6739,2.1922,1.9498,1.6894,1.6118,0,2.1381,1.4892,1.5483,1.7842,2.1715,1.1806,2.1591,1.3111,1.2641,2.1381,0,1.792,2.1715,2.0718,1.9275,2.3604,1.365,0.7784,2.0522,1.4892,1.792,0,2.4625,1.3628,2.8301,2.0522,2.2829,2.4923,1.156,1.5483,2.1715,2.4625,0,2.8358,1.4809,1.9838,2.413,1.6489,2.5746,1.7842,2.0718,1.3628,2.8358,0,2.5688,1.4411,1.6607,2.7565,1.6739,2.1715,1.9275,2.8301,1.4809,2.5688,0,1.792,1.4837,2.2829,2.1922,1.1806,2.3604,2.0522,1.9838,1.4411,1.792,0,1.6739,2.0523,1.9498,2.1591,1.365,2.2829,2.413,1.6607,1.4837,1.6739,0
0,1.827,1.4514,1.6568,0.089309,2.0074,1.0815,2.2364,1.7626,2.0076,1.827,0,1.784,1.8558,1.8064,1.5044,2.0638,1.1315,2.0851,2.2429,1.4514,1.784,0,1.4289,1.4289,1.8033,1.7441,2.1632,0.98539,2.0556,1.6568,1.8558,1.4289,0,1.6497,1.1239,1.4726,1.9291,1.7896,1.3207,0.089309,1.8064,1.4289,1.6497,0,1.9859,1.098,2.2233,1.746,2.0117,2.0074,1.5044,1.8033,1.1239,1.9859,0,2.2588,2.062,2.4591,2.2465,1.0815,2.0638,1.7441,1.4726,1.098,2.2588,0,1.8751,1.5367,1.0769,2.2364,1.1315,2.1632,1.9291,2.2233,2.062,1.8751,0,1.9726,1.6342,1.7626,2.0851,0.98539,1.7896,1.746,2.4591,1.5367,1.9726,0,1.7003,2.0076,2.2429,2.0556,1.3207,2.0117,2.2465,1.0769,1.6342,1.7003,0
0,2.0417,1.1908,1.0909,0.071213,2.0814,0.34039,1.5979,1.7801,1.1152,2.0417,0,2.2106,1.4622,2.0305,1.3927,1.9685,0.44879,2.7607,1.0372,1.1908,2.2106,0,2.0278,1.177,1.4434,0.85617,1.8861,0.64702,1.759,1.0909,1.4622,2.0278,0,1.0918,2.2319,1.2794,1.0667,2.6731,0.49674,0.071213,2.0305,1.177,1.0918,0,2.0656,0.32907,1.5869,1.7672,1.1074,2.0814,1.3927,1.4434,2.2319,2.0656,0,1.8074,1.3803,1.7386,1.7495,0.34039,1.9685,0.85617,1.2794,0.32907,1.8074,0,1.5445,1.4634,1.1687,1.5979,0.44879,1.8861,1.0667,1.5869,1.3803,1.5445,0,2.479,0.6048,1.7801,2.7607,0.64702,2.6731,1.7672,1.7386,1.4634,2.479,0,2.4003,1.1152,1.0372,1.759,0.49674,1.1074,1.7495,1.1687,0.6048,2.4003,0
0,2.0137,1.1528,1.1666,0.5617,1.9806,0.70391,1.7348,1.7105,1.1912,2.0137,0,2.2362,1.0323,2.0001,1.1155,1.7459,0.53917,2.243,0.97753,1.1528,2.2362,0,1.7811,1.4539,1.7734,1.4312,1.7459,0.63037,1.7447,1.1666,1.0323,1.7811,0,1.2934,1.2983,1.1511,0.99887,2.0426,0.63454,0.5617,2.0001,1.4539,1.2934,0,2.2362,0.31041,1.7808,1.9814,1.0554,1.9806,1.1155,1.7734,1.2983,2.2362,0,2.0511,0.82793,1.6025,1.546,0.70391,1.7459,1.4312,1.1511,0.31041,2.0511,0,1.5248,1.8889,0.80068,1.7348,0.53917,1.7459,0.99887,1.7808,0.82793,1.5248,0,1.7105,0.90413,1.7105,2.243,0.63037,2.0426,1.9814,1.6025,1.8889,1.7105,0,2.0078,1.1912,0.97753,1.7447,0.63454,1.0554,1.546,0.80068,0.90413,2.0078,0
0,1.7617,1.5314,1.1145,0.64217,2.6923,0.57043,2.4997,2.0306,1.4726,1.7617,0,0.77179,1.7641,2.0279,0.95529,1.6177,1.0945,1.2995,1.8493,1.5314,0.77179,0,1.6828,1.7396,1.59,1.3885,1.3534,1.3535,1.7585,1.1145,1.7641,1.6828,0,1.7545,2.5063,0.59345,2.0195,1.2995,0.39689,0.64217,2.0279,1.7396,1.7545,0,2.9643,1.1884,2.9054,2.5539,2.1023,2.6923,0.95529,1.59,2.5063,2.9643,0,2.4997,1.0041,1.656,2.4997,0.57043,1.6177,1.3885,0.59345,1.1884,2.4997,0,2.1292,1.5437,0.91471,2.4997,1.0945,1.3534,2.0195,2.9054,1.0041,2.1292,0,0.82986,1.8766,2.0306,1.2995,1.3535,1.2995,2.5539,1.656,1.5437,0.82986,0,1.081,1.4726,1.8493,1.7585,0.39689,2.1023,2.4997,0.91471,1.8766,1.081,0
