0,0.58363,0.66188,0.36844,0.15225,0.83591,0.20005,0.7974,0.7019,0.4931,0.58363,0,0.69169,0.50061,0.58783,0.31221,0.61214,0.37133,0.62131,0.69667,0.66188,0.69169,0,0.79042,0.62878,0.9406,0.48541,0.73182,0.26765,0.70203,0.36844,0.50061,0.79042,0,0.49748,0.76731,0.44883,0.58733,0.69534,0.32245,0.15225,0.58783,0.62878,0.49748,0,0.81226,0.23405,0.84536,0.71937,0.6228,0.83591,0.31221,0.9406,0.76731,0.81226,0,0.89198,0.56699,0.89231,1,0.20005,0.61214,0.48541,0.44883,0.23405,0.89198,0,0.7689,0.54674,0.44883,0.7974,0.37133,0.73182,0.58733,0.84536,0.56699,0.7689,0,0.53306,0.65282,0.7019,0.62131,0.26765,0.69534,0.71937,0.89231,0.54674,0.53306,0,0.57341,0.4931,0.69667,0.70203,0.32245,0.6228,1,0.44883,0.65282,0.57341,0
0,0.72054,0.65982,0.22495,0.23842,0.86549,0.32873,0.60229,0.70867,0.48466,0.72054,0,0.89612,0.58406,0.65578,0.32183,0.87127,0.41243,1,0.7979,0.65982,0.89612,0,0.67376,0.52354,0.78321,0.63688,0.77824,0.30989,0.67719,0.22495,0.58406,0.67376,0,0.35068,0.74012,0.30899,0.3884,0.67636,0.34131,0.23842,0.65578,0.52354,0.35068,0,0.74032,0.48564,0.63462,0.67297,0.60719,0.86549,0.32183,0.78321,0.74012,0.74032,0,0.96744,0.5252,0.91319,0.87616,0.32873,0.87127,0.63688,0.30899,0.48564,0.96744,0,0.59007,0.5349,0.23888,0.60229,0.41243,0.77824,0.3884,0.63462,0.5252,0.59007,0,0.75017,0.43661,0.70867,1,0.30989,0.67636,0.67297,0.91319,0.5349,0.75017,0,0.52424,0.48466,0.7979,0.67719,0.34131,0.60719,0.87616,0.23888,0.43661,0.52424,0
0,0.7911,0.63803,0.4324,0.18954,0.77778,0.42572,0.92735,0.83947,0.55413,0.7911,0,0.86341,0.63543,0.81916,0.28584,0.89411,0.37059,0.73517,0.52055,0.63803,0.86341,0,0.77496,0.68585,0.68394,0.4854,0.77665,0.3395,0.66469,0.4324,0.63543,0.77496,0,0.58555,0.73251,0.45341,0.71032,0.82496,0.24164,0.18954,0.81916,0.68585,0.58555,0,0.77665,0.58886,1,0.90187,0.68968,0.77778,0.28584,0.68394,0.73251,0.77665,0,0.85789,0.3918,0.55863,0.58555,0.42572,0.89411,0.4854,0.45341,0.58886,0.85789,0,0.85275,0.65951,0.46255,0.92735,0.37059,0.77665,0.71032,1,0.3918,0.85275,0,0.53287,0.49241,0.83947,0.73517,0.3395,0.82496,0.90187,0.55863,0.65951,0.53287,0,0.63183,0.55413,0.52055,0.66469,0.24164,0.68968,0.58555,0.46255,0.49241,0.63183,0
0,0.95291,0.42544,0.35159,0.10217,0.90092,0.22583,0.77794,0.37963,0.40679,0.95291,0,0.84908,0.99927,0.99998,0.3513,0.81743,0.28447,0.7558,1,0.42544,0.84908,0,0.74287,0.3881,0.85263,0.53755,0.79311,0.15532,0.79311,0.35159,0.99927,0.74287,0,0.43321,0.94043,0.24262,0.75186,0.66395,0.073302,0.10217,0.99998,0.3881,0.43321,0,0.93394,0.30399,0.84303,0.35454,0.48554,0.90092,0.3513,0.85263,0.94043,0.93394,0,0.75031,0.41619,0.71995,0.92526,0.22583,0.81743,0.53755,0.24262,0.30399,0.75031,0,0.6074,0.43719,0.27121,0.77794,0.28447,0.79311,0.75186,0.84303,0.41619,0.6074,0,0.68637,0.74808,0.37963,0.7558,0.15532,0.66395,0.35454,0.71995,0.43719,0.68637,0,0.70396,0.40679,1,0.79311,0.073302,0.48554,0.92526,0.27121,0.74808,0.70396,0
0,0.58287,0.67469,0.60253,0.16665,0.81497,0.40028,0.57943,0.64074,0.47103,0.58287,0,0.67914,0.73787,0.46862,0.46519,0.68909,0.38821,0.64727,0.62992,0.67469,0.67914,0,1,0.6333,0.76062,0.58229,0.54357,0.2854,0.74361,0.60253,0.73787,1,0,0.49216,0.73542,0.53251,0.57965,0.81718,0.30238,0.16665,0.46862,0.6333,0.49216,0,0.67469,0.3448,0.43009,0.5601,0.35202,0.81497,0.46519,0.76062,0.73542,0.67469,0,0.67469,0.31261,0.57608,0.57609,0.40028,0.68909,0.58229,0.53251,0.3448,0.67469,0,0.43435,0.40028,0.25558,0.57943,0.38821,0.54357,0.57965,0.43009,0.31261,0.43435,0,0.36661,0.37433,0.64074,0.64727,0.2854,0.81718,0.5601,0.57608,0.40028,0.36661,0,0.53592,0.47103,0.62992,0.74361,0.30238,0.35202,0.57609,0.25558,0.37433,0.53592,0
0,0.76652,0.64044,0.75584,0.84489,0.45921,0.91918,0.48779,1,0.83202,0.76652,0,0.50733,0.46692,0.57578,0.69928,0.85582,0.79875,0.81194,0.68583,0.64044,0.50733,0,0.66346,0.56456,0.5361,0.61585,0.69053,0.72942,0.75588,0.75584,0.46692,0.66346,0,0.5845,0.61838,0.65334,0.69657,0.83471,0.26687,0.84489,0.57578,0.56456,0.5845,0,0.76145,0.70102,0.58194,0.7422,0.56358,0.45921,0.69928,0.5361,0.61838,0.76145,0,0.57988,0.47918,0.61838,0.66346,0.91918,0.85582,0.61585,0.65334,0.70102,0.57988,0,0.76134,0.63428,0.55773,0.48779,0.79875,0.69053,0.69657,0.58194,0.47918,0.76134,0,0.75873,0.65029,1,0.81194,0.72942,0.83471,0.7422,0.61838,0.63428,0.75873,0,0.83883,0.83202,0.68583,0.75588,0.26687,0.56358,0.66346,0.55773,0.65029,0.83883,0
0,0.8006,0.53982,0.40879,0.12793,0.87583,0.22976,0.73285,0.67267,0.48309,0.8006,0,0.81639,0.44863,0.92643,0.30466,0.71114,0.090694,0.46831,0.36349,0.53982,0.81639,0,0.69849,0.60581,0.68816,0.322,0.74381,0.40014,0.49706,0.40879,0.44863,0.69849,0,0.52208,0.63506,0.43487,0.39705,0.56807,0.28727,0.12793,0.92643,0.60581,0.52208,0,1,0.32329,0.85801,0.78624,0.60658,0.87583,0.30466,0.68816,0.63506,1,0,0.71258,0.29085,0.29085,0.40712,0.22976,0.71114,0.322,0.43487,0.32329,0.71258,0,0.63535,0.47113,0.35659,0.73285,0.090694,0.74381,0.39705,0.85801,0.29085,0.63535,0,0.40502,0.28187,0.67267,0.46831,0.40014,0.56807,0.78624,0.29085,0.47113,0.40502,0,0.28543,0.48309,0.36349,0.49706,0.28727,0.60658,0.40712,0.35659,0.28187,0.28543,0
0,0.68453,0.69362,0.54623,0.30238,0.48002,0.31909,0.66829,0.58647,0.686,0.68453,0,0.69451,0.5516,0.7896,0.42747,0.73681,0.28675,0.60013,0.52678,0.69362,0.69451,0,0.84306,0.5467,0.72665,0.82715,0.75891,0.34081,1,0.54623,0.5516,0.84306,0,0.60012,0.69362,0.34286,0.32232,0.55784,0.29503,0.30238,0.7896,0.5467,0.60012,0,0.686,0.38291,0.73146,0.42121,0.80829,0.48002,0.42747,0.72665,0.69362,0.686,0,0.67715,0.58761,0.71098,0.66961,0.31909,0.73681,0.82715,0.34286,0.38291,0.67715,0,0.59086,0.58581,0.52516,0.66829,0.28675,0.75891,0.32232,0.73146,0.58761,0.59086,0,0.5315,0.31586,0.58647,0.60013,0.34081,0.55784,0.42121,0.71098,0.58581,0.5315,0,0.73939,0.686,0.52678,1,0.29503,0.80829,0.66961,0.52516,0.31586,0.73939,0
0,0.56722,0.48386,0.23964,0.1794,0.93707,0.1692,0.64032,0.57651,0.36752,0.56722,0,0.75785,0.38092,0.63197,0.41537,0.64843,0.37505,0.75125,0.50017,0.48386,0.75785,0,0.64478,0.3744,0.96155,0.4151,0.5765,0.14472,0.55966,0.23964,0.38092,0.64478,0,0.36755,0.78396,0.3693,0.58146,0.70241,0.37319,0.1794,0.63197,0.3744,0.36755,0,0.95094,0.25006,0.65726,0.45609,0.48901,0.93707,0.41537,0.96155,0.78396,0.95094,0,1,0.46727,0.89469,0.84215,0.1692,0.64843,0.4151,0.3693,0.25006,1,0,0.634,0.534,0.30705,0.64032,0.37505,0.5765,0.58146,0.65726,0.46727,0.634,0,0.54405,0.46574,0.57651,0.75125,0.14472,0.70241,0.45609,0.89469,0.534,0.54405,0,0.64032,0.36752,0.50017,0.55966,0.37319,0.48901,0.84215,0.30705,0.46574,0.64032,0
0,0.79747,0.46696,0.63488,0.46197,0.75981,0.62644,1,0.66492,0.77156,0.79747,0,0.64092,0.60935,0.80782,0.39886,0.7862,0.46115,0.77446,0.6356,0.46696,0.64092,0,0.85929,0.58856,0.39736,0.77595,0.87678,0.39947,0.89522,0.63488,0.60935,0.85929,0,0.75009,0.86831,0.59644,0.73964,0.97573,0.40464,0.46197,0.80782,0.58856,0.75009,0,0.73704,0.48844,0.86831,0.63911,0.70246,0.75981,0.39886,0.39736,0.86831,0.73704,0,0.80393,0.59196,0.47577,0.81498,0.62644,0.7862,0.77595,0.59644,0.48844,0.80393,0,0.65329,0.65333,0.34727,1,0.46115,0.87678,0.73964,0.86831,0.59196,0.65329,0,0.7862,0.48524,0.66492,0.77446,0.39947,0.97573,0.63911,0.47577,0.65333,0.7862,0,0.84412,0.77156,0.6356,0.89522,0.40464,0.70246,0.81498,0.34727,0.48524,0.84412,0
0,1,0.65512,0.6008,0.51675,0.94377,0.45674,0.76907,0.66077,0.60882,1,0,0.80738,0.64949,0.94561,0.46473,0.56555,0.29257,0.62678,0.50194,0.65512,0.80738,0,0.68179,0.66759,0.6673,0.58463,0.64688,0.28499,0.73011,0.6008,0.64949,0.68179,0,0.85564,0.75786,0.32363,0.49616,0.56388,0.33733,0.51675,0.94561,0.66759,0.85564,0,0.82974,0.56434,0.74131,0.58463,0.68736,0.94377,0.46473,0.6673,0.75786,0.82974,0,0.61389,0.32265,0.53756,0.68887,0.45674,0.56555,0.58463,0.32363,0.56434,0.61389,0,0.35095,0.43023,0.19946,0.76907,0.29257,0.64688,0.49616,0.74131,0.32265,0.35095,0,0.46226,0.37722,0.66077,0.62678,0.28499,0.56388,0.58463,0.53756,0.43023,0.46226,0,0.54031,0.60882,0.50194,0.73011,0.33733,0.68736,0.68887,0.19946,0.37722,0.54031,0
0,0.64146,0.74908,0.29857,0.41622,0.6535,0.28798,0.83378,0.76787,0.42282,0.64146,0,0.92747,0.37436,0.78327,0.38814,0.65325,0.43465,0.85086,0.58403,0.74908,0.92747,0,0.85214,0.67453,0.75923,0.54116,0.82291,0.13797,0.5665,0.29857,0.37436,0.85214,0,0.57442,0.52419,0.40803,0.63941,0.82791,0.42288,0.41622,0.78327,0.67453,0.57442,0,0.56673,0.53527,1,0.69312,0.6744,0.6535,0.38814,0.75923,0.52419,0.56673,0,0.67502,0.63941,0.67495,0.67291,0.28798,0.65325,0.54116,0.40803,0.53527,0.67502,0,0.68075,0.567,0.18006,0.83378,0.43465,0.82291,0.63941,1,0.63941,0.68075,0,0.73682,0.52419,0.76787,0.85086,0.13797,0.82791,0.69312,0.67495,0.567,0.73682,0,0.56458,0.42282,0.58403,0.5665,0.42288,0.6744,0.67291,0.18006,0.52419,0.56458,0
0,0.8949,0.88165,0.78509,0.38301,0.67962,0.54902,0.93075,1,0.80258,0.8949,0,0.88145,0.82192,0.84845,0.36317,0.78554,0.28739,0.78554,0.67997,0.88165,0.88145,0,0.96254,0.80402,0.91186,0.81642,0.8713,0.38894,0.96523,0.78509,0.82192,0.96254,0,0.67043,0.91119,0.58311,0.65164,0.88717,0.3624,0.38301,0.84845,0.80402,0.67043,0,0.67645,0.1956,0.7825,0.78398,0.56641,0.67962,0.36317,0.91186,0.91119,0.67645,0,0.67621,0.5318,0.8733,0.73962,0.54902,0.78554,0.81642,0.58311,0.1956,0.67621,0,0.66146,0.70691,0.40383,0.93075,0.28739,0.8713,0.65164,0.7825,0.5318,0.66146,0,0.67839,0.45816,1,0.78554,0.38894,0.88717,0.78398,0.8733,0.70691,0.67839,0,0.7797,0.80258,0.67997,0.96523,0.3624,0.56641,0.73962,0.40383,0.45816,0.7797,0
0,0.81128,0.52309,0.50542,0.23602,0.87765,0.27329,0.87877,0.61482,0.63022,0.81128,0,0.74713,0.64899,0.83597,0.5855,0.84821,0.46824,0.86989,0.84684,0.52309,0.74713,0,0.82748,0.44185,0.56431,0.36106,0.66294,0.32111,0.72141,0.50542,0.64899,0.82748,0,0.62306,0.97275,0.62661,0.75036,0.8276,0.51444,0.23602,0.83597,0.44185,0.62306,0,0.90703,0.26773,0.86053,0.52038,0.62701,0.87765,0.5855,0.56431,0.97275,0.90703,0,0.80419,0.58843,0.74924,1,0.27329,0.84821,0.36106,0.62661,0.26773,0.80419,0,0.77195,0.36142,0.51922,0.87877,0.46824,0.66294,0.75036,0.86053,0.58843,0.77195,0,0.62141,0.62998,0.61482,0.86989,0.32111,0.8276,0.52038,0.74924,0.36142,0.62141,0,0.5228,0.63022,0.84684,0.72141,0.51444,0.62701,1,0.51922,0.62998,0.5228,0
0,0.70022,0.44247,0.52029,0.31381,0.68078,0.3344,0.8826,0.58872,0.61192,0.70022,0,0.79197,0.44621,0.64057,0.35379,0.64934,0.2571,0.73934,0.35885,0.44247,0.79197,0,0.78494,0.17971,0.89652,0.33313,1,0.22263,0.7324,0.52029,0.44621,0.78494,0,0.60849,0.5465,0.50086,0.47651,0.78627,0.23903,0.31381,0.64057,0.17971,0.60849,0,0.74306,0.20901,0.84351,0.27888,0.57182,0.68078,0.35379,0.89652,0.5465,0.74306,0,0.794,0.51289,0.92709,0.60849,0.3344,0.64934,0.33313,0.50086,0.20901,0.794,0,0.79991,0.35659,0.46332,0.8826,0.2571,1,0.47651,0.84351,0.51289,0.79991,0,0.92256,0.37663,0.58872,0.73934,0.22263,0.78627,0.27888,0.92709,0.35659,0.92256,0,0.66787,0.61192,0.35885,0.7324,0.23903,0.57182,0.60849,0.46332,0.37663,0.66787,0
0,0.78309,0.76867,0.60118,0.20754,0.70282,0.34792,0.59271,0.60413,0.70078,0.78309,0,0.94495,0.47967,0.77115,0.47622,0.86912,0.20693,1,0.58995,0.76867,0.94495,0,0.86409,0.65345,0.85509,0.79293,0.8292,0.35935,0.74806,0.60118,0.47967,0.86409,0,0.54831,0.78805,0.53154,0.32207,0.93469,0.31033,0.20754,0.77115,0.65345,0.54831,0,0.72837,0.38661,0.57299,0.5718,0.6556,0.70282,0.47622,0.85509,0.78805,0.72837,0,0.93309,0.48436,0.78799,0.86446,0.34792,0.86912,0.79293,0.53154,0.38661,0.93309,0,0.67429,0.70307,0.53521,0.59271,0.20693,0.8292,0.32207,0.57299,0.48436,0.67429,0,0.86446,0.47187,0.60413,1,0.35935,0.93469,0.5718,0.78799,0.70307,0.86446,0,0.85505,0.70078,0.58995,0.74806,0.31033,0.6556,0.86446,0.53521,0.47187,0.85505,0
0,0.73591,0.61456,0.47815,0.24966,0.76165,0.27967,0.77354,0.5168,0.51976,0.73591,0,0.81819,0.81819,0.80141,0.38608,0.9047,0.34196,0.79236,0.68581,0.61456,0.81819,0,0.72137,0.48053,0.8287,0.64811,0.74742,0.15884,0.7518,0.47815,0.81819,0.72137,0,0.52444,0.9047,0.47688,0.7906,0.64509,0.294,0.24966,0.80141,0.48053,0.52444,0,0.88397,0.19589,0.73916,0.34356,0.5168,0.76165,0.38608,0.8287,0.9047,0.88397,0,1,0.68437,0.85392,0.89291,0.27967,0.9047,0.64811,0.47688,0.19589,1,0,0.83755,0.51147,0.48527,0.77354,0.34196,0.74742,0.7906,0.73916,0.68437,0.83755,0,0.69194,0.58004,0.5168,0.79236,0.15884,0.64509,0.34356,0.85392,0.51147,0.69194,0,0.64509,0.51976,0.68581,0.7518,0.294,0.5168,0.89291,0.48527,0.58004,0.64509,0
0,0.76348,0.59788,0.45959,0.17213,0.84434,0.26374,0.6621,0.59875,0.46412,0.76348,0,0.67897,0.6523,0.82273,0.28177,0.85047,0.27603,0.73196,0.62878,0.59788,0.67897,0,0.86953,0.56621,0.65702,0.76348,0.7071,0.45363,0.88275,0.45959,0.6523,0.86953,0,0.51658,0.75746,0.53394,0.59945,0.90137,0.27745,0.17213,0.82273,0.56621,0.51658,0,0.85604,0.41569,0.76968,0.67897,0.59604,0.84434,0.28177,0.65702,0.75746,0.85604,0,1,0.53969,0.86128,0.81293,0.26374,0.85047,0.76348,0.53394,0.41569,1,0,0.66685,0.5941,0.4125,0.6621,0.27603,0.7071,0.59945,0.76968,0.53969,0.66685,0,0.59179,0.46539,0.59875,0.73196,0.45363,0.90137,0.67897,0.86128,0.5941,0.59179,0,0.7755,0.46412,0.62878,0.88275,0.27745,0.59604,0.81293,0.4125,0.46539,0.7755,0
0,0.50592,0.61636,0.43253,0.20675,0.80927,0.19697,0.59755,0.77559,0.65238,0.50592,0,0.74124,0.57307,0.52144,0.43354,0.6466,0.23772,0.67904,0.64079,0.61636,0.74124,0,0.85628,0.52144,0.89183,0.63769,0.72229,0.36079,0.65217,0.43253,0.57307,0.85628,0,0.5814,0.9347,0.43776,0.57627,0.88646,0.53374,0.20675,0.52144,0.52144,0.5814,0,0.71727,0.36257,0.64416,0.72769,0.74233,0.80927,0.43354,0.89183,0.9347,0.71727,0,0.98658,0.59755,0.83962,1,0.19697,0.6466,0.63769,0.43776,0.36257,0.98658,0,0.67904,0.80335,0.60518,0.59755,0.23772,0.72229,0.57627,0.64416,0.59755,0.67904,0,0.56626,0.46542,0.77559,0.67904,0.36079,0.88646,0.72769,0.83962,0.80335,0.56626,0,0.52021,0.65238,0.64079,0.65217,0.53374,0.74233,1,0.60518,0.46542,0.52021,0
