3376,5713,4244,4528,5166,4932,5806,2631,3814,12046,5713,3196,3174,4499,3235,9050,3453,7690,9501,3930,4244,3174,4033,3796,7720,7854,3978,3048,2766,4378,4528,4499,3796,3258,5589,10113,4072,3296,3746,4112,5166,3235,7720,5589,5150,3867,3929,4088,3360,3640,4932,9050,7854,10113,3867,4149,6644,4257,7477,7761,5806,3453,3978,4072,3929,6644,3421,17259,4337,2978,2631,7690,3048,3296,4088,4257,17259,3274,3346,3000,3814,9501,2766,3746,3360,7477,4337,3346,3180,3002,12046,3930,4378,4112,3640,7761,2978,3000,3002,3307
12169,3263,5140,3545,2527,3263,5560,4616,17424,6813,3263,3446,3497,3697,4394,3053,16058,3531,4898,21174,5140,3497,2939,3891,3595,3227,26193,3495,15390,2891,3545,3697,3891,3219,4239,4180,6990,3656,3659,3254,2527,4394,3595,4239,4216,3856,2893,3663,3402,2916,3263,3053,3227,4180,3856,3311,3473,24547,8224,4494,5560,16058,26193,6990,2893,3473,3024,2683,2953,4570,4616,3531,3495,3656,3663,24547,2683,4074,4636,3195,17424,4898,15390,3659,3402,8224,2953,4636,2957,3182,6813,21174,2891,3254,2916,4494,4570,3195,3182,2965
5145,4369,4345,5496,7815,7624,4375,4767,4921,4799,4369,6152,5120,5241,6763,12591,5568,7024,7127,7793,4345,5120,6207,10249,12554,3720,5271,4904,5512,8928,5496,5241,10249,7288,20303,4472,4802,6497,9069,5119,7815,6763,12554,20303,5857,4823,7439,6001,4631,5909,7624,12591,3720,4472,4823,4992,10335,9657,6968,7064,4375,5568,5271,4802,7439,10335,4840,5416,10408,5912,4767,7024,4904,6497,6001,9657,5416,5968,5072,5657,4921,7127,5512,9069,4631,6968,10408,5072,7808,8440,4799,7793,8928,5119,5909,7064,5912,5657,8440,4951
4061,3074,2750,3930,4200,3928,2540,2159,4884,4039,3074,6014,4034,2874,3220,3646,5028,3202,7699,2992,2750,4034,4066,6209,15360,47760,6747,3938,3110,2976,3930,2874,6209,21910,4116,4308,4944,5258,3850,2686,4200,3220,15360,4116,6493,2878,2860,3702,3100,3279,3928,3646,47760,4308,2878,4020,50543,8080,5936,5254,2540,5028,6747,4944,2860,50543,5257,3107,4041,4122,2159,3202,3938,5258,3702,8080,3107,2778,3519,4735,4884,7699,3110,3850,3100,5936,4041,3519,3597,13882,4039,2992,2976,2686,3279,5254,4122,4735,13882,3811
2624,3232,3928,3016,4712,3832,3832,3137,2577,3696,3232,2273,3071,4456,2751,3928,3761,5440,2760,4551,3928,3071,2831,5904,6880,12913,3592,5938,3087,2760,3016,4456,5904,3392,7655,3416,3993,3648,3089,6952,4712,2751,6880,7655,4224,3608,3384,3376,3520,4960,3832,3928,12913,3416,3608,3072,3424,3384,2824,3784,3832,3761,3592,3993,3384,3424,2999,3247,2800,2776,3137,5440,5938,3648,3376,3384,3247,2736,3080,3471,2577,2760,3087,3089,3520,2824,2800,3080,2784,3225,3696,4551,2760,6952,4960,3784,2776,3471,3225,2416
4650,9840,4557,4665,5934,5376,2778,3582,3714,3122,9840,2915,7293,5518,3621,5207,3410,4737,5975,3020,4557,7293,2715,5068,4575,4517,4824,5371,5558,3643,4665,5518,5068,13700,3685,3095,3852,4374,3854,5218,5934,3621,4575,3685,3378,4751,4478,4213,5226,4236,5376,5207,4517,3095,4751,4415,3351,3869,4084,3056,2778,3410,4824,3852,4478,3351,5001,3695,3634,4425,3582,4737,5371,4374,4213,3869,3695,4280,3109,3115,3714,5975,5558,3854,5226,4084,3634,3109,2881,3477,3122,3020,3643,5218,4236,3056,4425,3115,3477,3062
2798,2948,3412,3902,4752,2786,3312,2770,3948,2924,2948,2329,2674,3560,3300,2534,2150,2223,5482,2698,3412,2674,4448,4152,6736,3348,3259,4216,3022,2620,3902,3560,4152,3024,4471,3364,2987,3002,3320,3386,4752,3300,6736,4471,2882,3560,4332,2787,2594,3246,2786,2534,3348,3364,3560,2592,4325,3584,2923,2521,3312,2150,3259,2987,4332,4325,2502,6949,2468,2581,2770,2223,4216,3002,2787,3584,6949,2886,3183,2931,3948,5482,3022,3320,2594,2923,2468,3183,2290,3510,2924,2698,2620,3386,3246,2521,2581,2931,3510,2556
2912,2952,3136,3840,4392,3384,3744,3112,4240,3743,2952,3264,4848,5280,3093,6392,2608,4168,3256,2336,3136,4848,4144,10296,15744,3592,2808,3496,3048,2496,3840,5280,10296,5415,4184,2696,2984,4888,3568,3192,4392,3093,15744,4184,3432,3160,2616,2776,3088,3200,3384,6392,3592,2696,3160,2779,5632,2576,6128,3456,3744,2608,2808,2984,2616,5632,3504,6176,4991,3608,3112,4168,3496,4888,2776,2576,6176,3960,4296,5841,4240,3256,3048,3568,3088,6128,4991,4296,4224,2792,3743,2336,2496,3192,3200,3456,3608,5841,2792,3048
3049,4152,3952,3404,4102,4194,3968,3582,6413,5026,4152,3820,2682,2640,3772,3160,5695,5080,2776,4182,3952,2682,2746,4220,2982,4270,7779,1804,4923,6416,3404,2640,4220,12491,4544,3272,9310,35245,2264,3760,4102,3772,2982,4544,5238,2433,2932,1641,3918,2682,4194,3160,4270,3272,2433,3452,6876,4417,2856,4936,3968,5695,7779,9310,2932,6876,5002,2140,3530,12566,3582,5080,1804,35245,1641,4417,2140,2586,3648,2398,6413,2776,4923,2264,3918,2856,3530,3648,4702,2663,5026,4182,6416,3760,2682,4936,12566,2398,2663,3832
2816,3199,3440,2576,3839,3608,2512,2683,2831,3784,3199,2864,2048,2680,2167,3905,2096,2152,2912,2144,3440,2048,2249,2689,2752,2048,2959,2176,2513,2032,2576,2680,2689,2888,3840,2521,3953,2408,1911,2103,3839,2167,2752,3840,2746,2920,2177,2192,2319,2632,3608,3905,2048,2521,2920,2280,4335,1968,3400,3121,2512,2096,2959,3953,2177,4335,2016,2224,2328,2255,2683,2152,2176,2408,2192,1968,2224,2200,2689,3087,2831,2912,2513,1911,2319,3400,2328,2689,2007,3168,3784,2144,2032,2103,2632,3121,2255,3087,3168,2318
3228,2806,6823,7994,6522,5784,3869,3486,4430,4939,2806,3814,4254,6489,3286,3917,2971,3236,4256,2964,6823,4254,3265,6854,4461,8338,4591,3870,4899,4082,7994,6489,6854,3005,4803,3394,17391,3781,4005,3023,6522,3286,4461,4803,2833,5744,3010,5561,5064,3694,5784,3917,8338,3394,5744,4178,2862,4996,3765,3283,3869,2971,4591,17391,3010,2862,2472,3678,3204,2540,3486,3236,3870,3781,5561,4996,3678,2766,2824,3027,4430,4256,4899,4005,5064,3765,3204,2824,4405,3182,4939,2964,4082,3023,3694,3283,2540,3027,3182,2557
2970,7264,3780,2970,5292,2971,4995,2835,3911,4522,7264,8056,2835,3509,2971,13539,2566,2969,4724,6009,3780,2835,9990,4455,16162,65469,3512,3937,3375,3106,2970,3509,4455,9855,12823,2160,2430,2970,2836,3780,5292,2971,16162,12823,3781,2565,4184,2161,2160,2565,2971,13539,65469,2160,2565,5264,2835,2430,5287,3375,4995,2566,3512,2430,4184,2835,2699,9314,3914,3105,2835,2969,3937,2970,2161,2430,9314,3105,4455,3239,3911,4724,3375,2836,2160,5287,3914,4455,3375,3780,4522,6009,3106,3780,2565,3375,3105,3239,3780,4725
3904,4094,3824,5464,6146,4800,3352,3832,3792,4296,4094,4592,4096,4688,4008,9623,3936,4027,4928,3856,3824,4096,5112,8888,12440,3880,4344,3617,4617,3720,5464,4688,8888,4448,3560,3255,4239,4567,3975,3544,6146,4008,12440,3560,5456,3695,4064,3480,3800,3816,4800,9623,3880,3255,3695,8399,5784,6200,9248,5128,3352,3936,4344,4239,4064,5784,3152,5096,6817,7879,3832,4027,3617,4567,3480,6200,5096,4033,3752,10024,3792,4928,4617,3975,3800,9248,6817,3752,5680,13719,4296,3856,3720,3544,3816,5128,7879,10024,13719,4937
5355,8184,5509,6763,7100,5228,4078,7441,4369,2730,8184,3043,9440,4273,3618,3228,5661,3893,4633,5953,5509,9440,3787,3364,5497,12143,7122,3472,4624,4072,6763,4273,3364,4921,5516,4703,5619,5667,4214,7216,7100,3618,5497,5516,2827,5232,5804,5763,9366,8614,5228,3228,12143,4703,5232,2954,6038,7463,5756,4902,4078,5661,7122,5619,5804,6038,2732,4283,3680,2604,7441,3893,3472,5667,5763,7463,4283,3534,10111,4640,4369,4633,4624,4214,9366,5756,3680,10111,3586,3689,2730,5953,4072,7216,8614,4902,2604,4640,3689,3611
4904,2934,2952,4624,4023,4304,4456,6544,4752,4144,2934,2832,3479,3921,4744,5288,3159,2544,3783,5280,2952,3479,3400,4288,6768,3081,4648,3367,3571,4041,4624,3921,4288,5184,3728,2927,2976,4096,3751,10415,4023,4744,6768,3728,4320,3839,5544,3201,3256,4001,4304,5288,3081,2927,3839,3712,4320,3184,5343,4712,4456,3159,4648,2976,5544,4320,2728,3248,3583,3984,6544,2544,3367,4096,3201,3184,3248,2648,4352,11200,4752,3783,3571,3751,3256,5343,3583,4352,2304,3808,4144,5280,4041,10415,4001,4712,3984,11200,3808,2848
6672,4903,4360,4536,4855,9985,6392,6551,4336,8747,4903,4000,5921,9272,4832,4104,11456,8288,6488,5224,4360,5921,3375,4232,10000,5296,8920,4511,6568,3772,4536,9272,4232,5976,9376,8327,4231,7520,4952,6744,4855,4832,10000,9376,4840,4312,5152,16055,5729,4592,9985,4104,5296,8327,4312,3016,8224,10136,7436,8108,6392,11456,8920,4231,5152,8224,4161,3640,4200,3400,6551,8288,4511,7520,16055,10136,3640,4320,3616,7560,4336,6488,6568,4952,5729,7436,4200,3616,4552,5480,8747,5224,3772,6744,4592,8108,3400,7560,5480,4056
3018,2588,2889,7903,3795,3228,3528,3514,3835,3716,2588,3230,3646,2817,4688,8038,2390,2744,2971,3034,2889,3646,2704,4116,9378,3530,6171,4743,3887,4621,7903,2817,4116,3667,4102,3844,3909,4084,2728,3489,3795,4688,9378,4102,4557,4686,3506,3732,2817,3325,3228,8038,3530,3844,4686,3452,4203,2592,4078,2916,3528,2390,6171,3909,3506,4203,2883,3189,2612,3420,3514,2744,4743,4084,3732,2592,3189,3065,5149,3129,3835,2971,3887,2728,2817,4078,2612,5149,3638,3058,3716,3034,4621,3489,3325,2916,3420,3129,3058,2910
6460,4450,6139,6172,4109,6943,4827,6595,18311,8221,4450,4447,7530,6183,4963,4796,3164,3351,3038,5417,6139,7530,5954,5237,3162,2979,7839,6801,5020,4718,6172,6183,5237,3988,4069,11029,6962,4329,4808,7113,4109,4963,3162,4069,9256,20363,3670,9089,31496,22190,6943,4796,2979,11029,20363,4295,3680,4070,14142,8385,4827,3164,7839,6962,3670,3680,3765,4227,4313,5737,6595,3351,6801,4329,9089,4070,4227,6432,4440,5175,18311,3038,5020,4808,31496,14142,4313,4440,4724,4093,8221,5417,4718,7113,22190,8385,5737,5175,4093,5325
