0,0.90781,0.55558,0.90781,0.3132,0.82646,0.42494,0.54021,0.70226,0.22827,0.90781,0,0.6183,0.50887,0.74376,0.63866,0.73619,0.97019,0.82646,0.96648,0.55558,0.6183,0,0.76854,0.64195,0.74227,0.72343,0.78026,0.48489,0.4692,0.90781,0.50887,0.76854,0,0.77288,0.18518,0.67548,0.67052,0.64763,1,0.3132,0.74376,0.64195,0.77288,0,0.74049,0.16829,0.58541,0.81747,0.51617,0.82646,0.63866,0.74227,0.18518,0.74049,0,0.64048,0.51221,0.52762,0.91302,0.42494,0.73619,0.72343,0.67548,0.16829,0.64048,0,0.5097,0.81461,0.63317,0.54021,0.97019,0.78026,0.67052,0.58541,0.51221,0.5097,0,0.55545,0.65227,0.70226,0.82646,0.48489,0.64763,0.81747,0.52762,0.81461,0.55545,0,0.64765,0.22827,0.96648,0.4692,1,0.51617,0.91302,0.63317,0.65227,0.64765,0
0,0.77112,0.34238,0.60194,0.75258,0.53769,0.68033,0.87773,0.87123,0.70913,0.77112,0,0.57234,0.34643,0.4925,0.54269,0.66529,0.9061,0.52255,0.75897,0.34238,0.57234,0,0.56679,0.73278,0.30955,0.79532,0.86081,0.61183,0.84325,0.60194,0.34643,0.56679,0,0.25594,0.56626,0.34149,0.87772,0.75257,0.51935,0.75258,0.4925,0.73278,0.25594,0,0.63275,0.36046,0.91811,0.87772,0.60195,0.53769,0.54269,0.30955,0.56626,0.63275,0,0.80414,0.76837,0.54759,0.88385,0.68033,0.66529,0.79532,0.34149,0.36046,0.80414,0,0.8913,1,0.31041,0.87773,0.9061,0.86081,0.87772,0.91811,0.76837,0.8913,0,0.6826,0.72653,0.87123,0.52255,0.61183,0.75257,0.87772,0.54759,1,0.6826,0,0.95661,0.70913,0.75897,0.84325,0.51935,0.60195,0.88385,0.31041,0.72653,0.95661,0
0,0.7846,0.66791,0.98525,0.7846,0.82107,0.88043,0.38858,0.5433,0.3464,0.7846,0,0.96369,0.71632,0.85501,0.48502,0.63571,0.81701,0.68283,0.7573,0.66791,0.96369,0,0.84506,0.81772,0.90918,1,0.7846,0.36821,0.7057,0.98525,0.71632,0.84506,0,0.42947,0.58619,0.41122,0.94286,0.84888,0.97518,0.7846,0.85501,0.81772,0.42947,0,0.7104,0.39782,0.74937,0.87888,0.81701,0.82107,0.48502,0.90918,0.58619,0.7104,0,0.67657,0.63619,0.75778,0.95472,0.88043,0.63571,1,0.41122,0.39782,0.67657,0,0.90196,0.92792,0.81701,0.38858,0.81701,0.7846,0.94286,0.74937,0.63619,0.90196,0,0.70295,0.7057,0.5433,0.68283,0.36821,0.84888,0.87888,0.75778,0.92792,0.70295,0,0.55234,0.3464,0.7573,0.7057,0.97518,0.81701,0.95472,0.81701,0.7057,0.55234,0
0,1,0.38785,0.84353,0.52595,0.77125,0.80879,0.5129,0.93983,0.38256,1,0,0.77125,0.60656,0.93979,0.6918,0.89253,0.79042,0.49508,0.95574,0.38785,0.77125,0,0.84847,0.74583,0.84353,0.91467,0.66299,0.77636,0.54762,0.84353,0.60656,0.84847,0,0.65398,0.43089,0.77456,0.52708,0.84102,0.88398,0.52595,0.93979,0.74583,0.65398,0,0.37354,0.37233,0.15426,0.80131,0.38652,0.77125,0.6918,0.84353,0.43089,0.37354,0,0.35062,0.2755,0.62945,0.6259,0.80879,0.89253,0.91467,0.77456,0.37233,0.35062,0,0.38122,0.61046,0.5129,0.5129,0.79042,0.66299,0.52708,0.15426,0.2755,0.38122,0,0.69715,0.40351,0.93983,0.49508,0.77636,0.84102,0.80131,0.62945,0.61046,0.69715,0,0.7168,0.38256,0.95574,0.54762,0.88398,0.38652,0.6259,0.5129,0.40351,0.7168,0
0,0.92208,0.64444,0.89359,0.52863,0.5744,0.5778,0.44202,0.62782,0.24733,0.92208,0,0.66497,0.32195,0.56922,0.36965,0.5215,0.56215,0.48242,0.94721,0.64444,0.66497,0,0.8488,0.59237,0.56922,0.66756,0.41032,0.20394,0.50953,0.89359,0.32195,0.8488,0,0.48242,0.3772,0.38245,0.5771,0.64771,1,0.52863,0.56922,0.59237,0.48242,0,0.35945,0.11951,0.19385,0.43378,0.64444,0.5744,0.36965,0.56922,0.3772,0.35945,0,0.31255,0.32947,0.40275,0.64444,0.5778,0.5215,0.66756,0.38245,0.11951,0.31255,0,0.27763,0.49252,0.71174,0.44202,0.56215,0.41032,0.5771,0.19385,0.32947,0.27763,0,0.27763,0.4917,0.62782,0.48242,0.20394,0.64771,0.43378,0.40275,0.49252,0.27763,0,0.56922,0.24733,0.94721,0.50953,1,0.64444,0.64444,0.71174,0.4917,0.56922,0
0,0.90804,0.51811,0.83487,0.45303,0.5911,0.45686,0.50914,0.53029,0.19209,0.90804,0,0.97924,0.16285,0.66755,0.4119,0.66198,1,0.64506,0.83045,0.51811,0.97924,0,0.99188,0.80053,0.66864,0.78451,0.88715,0.47228,0.41487,0.83487,0.16285,0.99188,0,0.55075,0.41113,0.55075,0.91198,0.66198,0.77706,0.45303,0.66755,0.80053,0.55075,0,0.57133,0.034627,0.73207,0.6911,0.41487,0.5911,0.4119,0.66864,0.41113,0.57133,0,0.57118,0.66173,0.25799,0.55408,0.45686,0.66198,0.78451,0.55075,0.034627,0.57118,0,0.75553,0.68758,0.40399,0.50914,1,0.88715,0.91198,0.73207,0.66173,0.75553,0,0.64506,0.67259,0.53029,0.64506,0.47228,0.66198,0.6911,0.25799,0.68758,0.64506,0,0.49729,0.19209,0.83045,0.41487,0.77706,0.41487,0.55408,0.40399,0.67259,0.49729,0
0,0.88562,0.34891,0.69876,0.41858,0.7499,0.47958,0.60824,0.5618,0.17413,0.88562,0,0.66261,0.36603,0.73125,0.39771,0.60271,1,0.50384,0.80472,0.34891,0.66261,0,0.60164,0.54975,0.67711,0.50862,0.80575,0.34886,0.35814,0.69876,0.36603,0.60164,0,0.41278,0.38081,0.27741,0.84944,0.58601,0.65231,0.41858,0.73125,0.54975,0.41278,0,0.56731,0.14748,0.63037,0.66264,0.42157,0.7499,0.39771,0.67711,0.38081,0.56731,0,0.50384,0.64616,0.46898,0.62042,0.47958,0.60271,0.50862,0.27741,0.14748,0.50384,0,0.71678,0.60672,0.47323,0.60824,1,0.80575,0.84944,0.63037,0.64616,0.71678,0,0.71785,0.47325,0.5618,0.50384,0.34886,0.58601,0.66264,0.46898,0.60672,0.71785,0,0.44869,0.17413,0.80472,0.35814,0.65231,0.42157,0.62042,0.47323,0.47325,0.44869,0
0,0.68177,0.79272,0.68972,0.57936,0.81284,0.84758,0.23932,0.54784,0.35355,0.68177,0,0.40648,0.28764,0.57893,0.6679,0.43607,0.8051,0.7723,0.49944,0.79272,0.40648,0,0.58758,0.89648,0.90541,0.79533,0.98452,0.81404,0.48436,0.68972,0.28764,0.58758,0,0.56683,0.39574,0.3957,0.80699,0.65324,0.63189,0.57936,0.57893,0.89648,0.56683,0,0.78203,0.41127,0.5702,0.92084,0.67401,0.81284,0.6679,0.90541,0.39574,0.78203,0,0.68401,0.89699,0.56464,0.88112,0.84758,0.43607,0.79533,0.3957,0.41127,0.68401,0,0.90328,1,0.81212,0.23932,0.8051,0.98452,0.80699,0.5702,0.89699,0.90328,0,0.69535,0.53821,0.54784,0.7723,0.81404,0.65324,0.92084,0.56464,1,0.69535,0,0.63189,0.35355,0.49944,0.48436,0.63189,0.67401,0.88112,0.81212,0.53821,0.63189,0
0,0.64638,0.64638,0.72763,0.45082,0.87426,0.55352,0.64638,0.63066,0.264,0.64638,0,0.29203,0.37171,0.44376,0.66811,0.44568,0.77917,0.55703,0.59403,0.64638,0.29203,0,0.65718,0.56583,0.84147,0.55066,0.92967,0.38404,0.50905,0.72763,0.37171,0.65718,0,0.46958,0.57632,0.51425,0.64491,0.84519,0.78111,0.45082,0.44376,0.56583,0.46958,0,0.90539,0.15798,0.79994,0.75759,0.42585,0.87426,0.66811,0.84147,0.57632,0.90539,0,0.97562,0.43363,0.84145,1,0.55352,0.44568,0.55066,0.51425,0.15798,0.97562,0,0.92012,0.81127,0.49115,0.64638,0.77917,0.92967,0.64491,0.79994,0.43363,0.92012,0,0.8573,0.84779,0.63066,0.55703,0.38404,0.84519,0.75759,0.84145,0.81127,0.8573,0,0.52628,0.264,0.59403,0.50905,0.78111,0.42585,1,0.49115,0.84779,0.52628,0
0,0.51532,0.38655,0.80551,0.42263,0.94288,0.45958,0.53919,0.54262,0.3582,0.51532,0,0.5103,0.39729,0.57618,0.6142,0.53668,0.72162,0.65026,0.66555,0.38655,0.5103,0,0.90242,0.72162,0.9982,0.74362,0.79481,0.38655,0.5103,0.80551,0.39729,0.90242,0,0.67879,0.50356,0.60307,0.83424,0.99022,0.93415,0.42263,0.57618,0.72162,0.67879,0,1,0.082632,0.72038,0.9325,0.7262,0.94288,0.6142,0.9982,0.50356,1,0,0.94097,0.72162,0.8824,0.87036,0.45958,0.53668,0.74362,0.60307,0.082632,0.94097,0,0.7152,0.94319,0.74587,0.53919,0.72162,0.79481,0.83424,0.72038,0.72162,0.7152,0,0.65201,0.35387,0.54262,0.65026,0.38655,0.99022,0.9325,0.8824,0.94319,0.65201,0,0.36286,0.3582,0.66555,0.5103,0.93415,0.7262,0.87036,0.74587,0.35387,0.36286,0
0,0.79791,0.46842,0.68911,0.48381,0.59341,0.47391,0.5269,0.53871,0.36031,0.79791,0,0.70833,0.56062,1,0.37456,0.74764,0.35383,0.43282,0.82151,0.46842,0.70833,0,0.85527,0.89621,0.74318,0.83134,0.62424,0.32766,0.57225,0.68911,0.56062,0.85527,0,0.58832,0.34405,0.37421,0.29488,0.59519,0.89313,0.48381,1,0.89621,0.58832,0,0.68005,0.29752,0.64709,0.8377,0.75797,0.59341,0.37456,0.74318,0.34405,0.68005,0,0.39804,0.16806,0.51969,0.65634,0.47391,0.74764,0.83134,0.37421,0.29752,0.39804,0,0.4069,0.69655,0.66852,0.5269,0.35383,0.62424,0.29488,0.64709,0.16806,0.4069,0,0.37585,0.65988,0.53871,0.43282,0.32766,0.59519,0.8377,0.51969,0.69655,0.37585,0,0.68287,0.36031,0.82151,0.57225,0.89313,0.75797,0.65634,0.66852,0.65988,0.68287,0
0,0.70392,0.48766,0.65148,0.33537,0.51827,0.76521,0.36222,0.86011,0.55326,0.70392,0,0.8224,0.39889,0.44391,0.65761,0.81648,0.91126,0.72256,0.97559,0.48766,0.8224,0,0.78457,0.6397,0.48903,0.90378,0.62721,0.71217,0.75022,0.65148,0.39889,0.78457,0,0.3715,0.46671,0.61647,0.87891,0.81814,1,0.33537,0.44391,0.6397,0.3715,0,0.50589,0.57632,0.54061,0.74978,0.66821,0.51827,0.65761,0.48903,0.46671,0.50589,0,0.85511,0.82157,0.91763,0.99814,0.76521,0.81648,0.90378,0.61647,0.57632,0.85511,0,0.71581,0.71581,0.75958,0.36222,0.91126,0.62721,0.87891,0.54061,0.82157,0.71581,0,0.8224,0.22932,0.86011,0.72256,0.71217,0.81814,0.74978,0.91763,0.71581,0.8224,0,0.77508,0.55326,0.97559,0.75022,1,0.66821,0.99814,0.75958,0.22932,0.77508,0
0,0.53148,0.53392,0.6771,0.48837,0.79819,0.71115,0.90028,0.6336,0.24385,0.53148,0,0.73591,0.28618,0.72872,0.57324,0.71078,1,0.61003,0.59804,0.53392,0.73591,0,0.82074,0.60555,0.84555,0.74374,0.70727,0.47196,0.74092,0.6771,0.28618,0.82074,0,0.81571,0.72668,0.57607,0.99191,0.66295,0.73574,0.48837,0.72872,0.60555,0.81571,0,0.74092,0.57649,0.79819,0.84991,0.61284,0.79819,0.57324,0.84555,0.72668,0.74092,0,0.94252,0.83753,0.73876,0.83753,0.71115,0.71078,0.74374,0.57607,0.57649,0.94252,0,0.85628,0.84803,0.82409,0.90028,1,0.70727,0.99191,0.79819,0.83753,0.85628,0,0.64669,0.95216,0.6336,0.61003,0.47196,0.66295,0.84991,0.73876,0.84803,0.64669,0,0.72872,0.24385,0.59804,0.74092,0.73574,0.61284,0.83753,0.82409,0.95216,0.72872,0
0,0.43822,0.12684,0.13861,0.10326,0.32717,0.68317,0.45733,0.45978,0.51755,0.43822,0,0.39217,0.54125,0.44855,0.70631,0.37306,0.63033,0.074559,0.28523,0.12684,0.39217,0,0.24852,0.10317,0.44091,0.5829,0.5604,0.40403,0.41637,0.13861,0.54125,0.24852,0,0.16849,0.19292,0.81159,0.37626,0.55705,0.649,0.10326,0.44855,0.10317,0.16849,0,0.35621,0.67029,0.49592,0.45381,0.50807,0.32717,0.70631,0.44091,0.19292,0.35621,0,1,0.32371,0.72302,0.8391,0.68317,0.37306,0.5829,0.81159,0.67029,1,0,0.98973,0.36537,0.17069,0.45733,0.63033,0.5604,0.37626,0.49592,0.32371,0.98973,0,0.64684,0.85657,0.45978,0.074559,0.40403,0.55705,0.45381,0.72302,0.36537,0.64684,0,0.28983,0.51755,0.28523,0.41637,0.649,0.50807,0.8391,0.17069,0.85657,0.28983,0
0,0.44487,0.48957,0.56044,0.6598,0.50767,0.67867,0.6598,0.74264,0.52081,0.44487,0,0.73152,0.28238,0.78558,0.6598,0.56325,0.82105,0.75344,0.7642,0.48957,0.73152,0,0.80433,0.69391,0.65652,1,0.61269,0.43999,0.48369,0.56044,0.28238,0.80433,0,0.61621,0.55254,0.49519,0.75115,0.74626,0.74131,0.6598,0.78558,0.69391,0.61621,0,0.32865,0.78443,0.49405,0.70389,0.50802,0.50767,0.6598,0.65652,0.55254,0.32865,0,0.82585,0.70367,0.7976,0.64045,0.67867,0.56325,1,0.49519,0.78443,0.82585,0,0.69391,0.95888,0.7132,0.6598,0.82105,0.61269,0.75115,0.49405,0.70367,0.69391,0,0.56523,0.18378,0.74264,0.75344,0.43999,0.74626,0.70389,0.7976,0.95888,0.56523,0,0.56523,0.52081,0.7642,0.48369,0.74131,0.50802,0.64045,0.7132,0.18378,0.56523,0
0,0.43193,0.41977,0.58546,0.11047,0.7158,0.31575,0.40559,0.6523,0.35775,0.43193,0,0.44237,0.20002,0.50021,0.57971,0.66734,0.53156,0.69357,0.68305,0.41977,0.44237,0,0.58355,0.44032,0.65816,0.72952,0.66219,1,0.72114,0.58546,0.20002,0.58355,0,0.65152,0.50586,0.79091,0.55968,0.7158,0.7741,0.11047,0.50021,0.44032,0.65152,0,0.72,0.3004,0.40098,0.71508,0.31481,0.7158,0.57971,0.65816,0.50586,0.72,0,0.89448,0.49765,0.99074,0.75711,0.31575,0.66734,0.72952,0.79091,0.3004,0.89448,0,0.43408,0.54414,0.21443,0.40559,0.53156,0.66219,0.55968,0.40098,0.49765,0.43408,0,0.6078,0.28893,0.6523,0.69357,1,0.7158,0.71508,0.99074,0.54414,0.6078,0,0.62365,0.35775,0.68305,0.72114,0.7741,0.31481,0.75711,0.21443,0.28893,0.62365,0
0,0.69049,0.27148,0.72216,0.57559,1,0.7829,0.7926,0.58699,0.43443,0.69049,0,0.6173,0.20724,0.59107,0.61866,0.49608,0.90317,0.86575,0.71613,0.27148,0.6173,0,0.58361,0.54352,0.79359,0.75862,0.66579,0.45649,0.47761,0.72216,0.20724,0.58361,0,0.68745,0.55925,0.6506,0.91266,0.83709,0.7883,0.57559,0.59107,0.54352,0.68745,0,0.70295,0.31843,0.5834,0.69063,0.30966,1,0.61866,0.79359,0.55925,0.70295,0,0.66707,0.66773,0.79143,0.93154,0.7829,0.49608,0.75862,0.6506,0.31843,0.66707,0,0.74429,0.88608,0.58025,0.7926,0.90317,0.66579,0.91266,0.5834,0.66773,0.74429,0,0.37319,0.76032,0.58699,0.86575,0.45649,0.83709,0.69063,0.79143,0.88608,0.37319,0,0.75399,0.43443,0.71613,0.47761,0.7883,0.30966,0.93154,0.58025,0.76032,0.75399,0
0,0.67386,0.39174,0.71163,0.85244,0.9673,0.84804,0.8211,0.83694,0.29724,0.67386,0,0.83554,0.44736,0.88937,0.92107,0.60209,0.71581,0.83597,0.55082,0.39174,0.83554,0,0.74755,0.7872,0.70817,0.87627,0.69942,0.68313,0.5076,0.71163,0.44736,0.74755,0,0.76287,0.84305,0.75071,0.8663,0.97406,0.71583,0.85244,0.88937,0.7872,0.76287,0,0.70811,0.53041,1,0.95281,0.73567,0.9673,0.92107,0.70817,0.84305,0.70811,0,0.67917,0.54076,0.50226,0.85539,0.84804,0.60209,0.87627,0.75071,0.53041,0.67917,0,0.71594,0.70105,0.59545,0.8211,0.71581,0.69942,0.8663,1,0.54076,0.71594,0,0.20247,0.68313,0.83694,0.83597,0.68313,0.97406,0.95281,0.50226,0.70105,0.20247,0,0.67917,0.29724,0.55082,0.5076,0.71583,0.73567,0.85539,0.59545,0.68313,0.67917,0
