0,0.33389,0.52363,0.49747,0.6057,0.6612,0.80898,0.98635,0.99387,1,0.33389,0,0.19149,0.38984,0.497,0.46225,0.56842,0.80685,0.78992,0.77412,0.52363,0.19149,0,0.41554,0.497,0.39915,0.45346,0.72183,0.68806,0.65664,0.49747,0.38984,0.41554,0,0.11375,0.19617,0.36112,0.48991,0.50418,0.52218,0.6057,0.497,0.497,0.11375,0,0.16872,0.31878,0.38989,0.41497,0.44482,0.6612,0.46225,0.39915,0.19617,0.16872,0,0.16515,0.34511,0.33659,0.33897,0.80898,0.56842,0.45346,0.36112,0.31878,0.16515,0,0.2805,0.23595,0.20688,0.98635,0.80685,0.72183,0.48991,0.38989,0.34511,0.2805,0,0.079833,0.15558,0.99387,0.78992,0.68806,0.50418,0.41497,0.33659,0.23595,0.079833,0,0.075982,1,0.77412,0.65664,0.52218,0.44482,0.33897,0.20688,0.15558,0.075982,0
0,0.30828,0.3161,0.55871,0.67153,0.78976,0.8626,0.92064,1,0.95148,0.30828,0,0.21942,0.45678,0.5619,0.63117,0.64692,0.65295,0.8435,0.72119,0.3161,0.21942,0,0.26651,0.45129,0.50697,0.55423,0.64589,0.71707,0.64084,0.55871,0.45678,0.26651,0,0.36512,0.32425,0.3769,0.56819,0.50456,0.46822,0.67153,0.5619,0.45129,0.36512,0,0.22217,0.42083,0.50528,0.38868,0.5895,0.78976,0.63117,0.50697,0.32425,0.22217,0,0.22326,0.38962,0.21691,0.39179,0.8626,0.64692,0.55423,0.3769,0.42083,0.22326,0,0.27242,0.30273,0.17449,0.92064,0.65295,0.64589,0.56819,0.50528,0.38962,0.27242,0,0.4681,0.33944,1,0.8435,0.71707,0.50456,0.38868,0.21691,0.30273,0.4681,0,0.42928,0.95148,0.72119,0.64084,0.46822,0.5895,0.39179,0.17449,0.33944,0.42928,0
0,0.27487,0.29867,0.47854,0.5978,0.62787,0.72441,0.88757,0.92358,1,0.27487,0,0.092503,0.38576,0.47816,0.47901,0.6131,0.75892,0.74813,0.86458,0.29867,0.092503,0,0.29757,0.39184,0.39215,0.52266,0.67156,0.66842,0.77786,0.47854,0.38576,0.29757,0,0.12372,0.16843,0.25149,0.40957,0.4612,0.5228,0.5978,0.47816,0.39184,0.12372,0,0.085674,0.16039,0.29717,0.34711,0.41057,0.62787,0.47901,0.39215,0.16843,0.085674,0,0.15271,0.2801,0.29757,0.38637,0.72441,0.6131,0.52266,0.25149,0.16039,0.15271,0,0.16994,0.26778,0.27879,0.88757,0.75892,0.67156,0.40957,0.29717,0.2801,0.16994,0,0.16971,0.11468,0.92358,0.74813,0.66842,0.4612,0.34711,0.29757,0.26778,0.16971,0,0.18437,1,0.86458,0.77786,0.5228,0.41057,0.38637,0.27879,0.11468,0.18437,0
0,0.52848,0.59399,0.53605,0.74183,0.85814,0.82767,0.82393,0.89334,1,0.52848,0,0.23492,0.47881,0.58038,0.64202,0.53555,0.49839,0.56406,0.72917,0.59399,0.23492,0,0.41439,0.42719,0.48993,0.41504,0.43662,0.49204,0.6406,0.53605,0.47881,0.41439,0,0.2451,0.34666,0.33869,0.36051,0.41504,0.47938,0.74183,0.58038,0.42719,0.2451,0,0.12595,0.20217,0.30768,0.32897,0.35657,0.85814,0.64202,0.48993,0.34666,0.12595,0,0.15041,0.27098,0.26417,0.25816,0.82767,0.53555,0.41504,0.33869,0.20217,0.15041,0,0.13121,0.13838,0.23039,0.82393,0.49839,0.43662,0.36051,0.30768,0.27098,0.13121,0,0.072017,0.23321,0.89334,0.56406,0.49204,0.41504,0.32897,0.26417,0.13838,0.072017,0,0.17633,1,0.72917,0.6406,0.47938,0.35657,0.25816,0.23039,0.23321,0.17633,0
0,0.60597,0.71296,0.71676,0.83381,0.87786,0.94262,0.95539,0.94091,1,0.60597,0,0.2395,0.50251,0.58962,0.6804,0.76002,0.86576,0.87786,0.94091,0.71296,0.2395,0,0.34372,0.41193,0.48107,0.55209,0.6642,0.68259,0.74483,0.71676,0.50251,0.34372,0,0.1206,0.20407,0.29374,0.48167,0.48187,0.58904,0.83381,0.58962,0.41193,0.1206,0,0.14847,0.23618,0.48004,0.48242,0.59492,0.87786,0.6804,0.48107,0.20407,0.14847,0,0.091662,0.33898,0.34178,0.45561,0.94262,0.76002,0.55209,0.29374,0.23618,0.091662,0,0.27855,0.28276,0.39485,0.95539,0.86576,0.6642,0.48167,0.48004,0.33898,0.27855,0,0.046696,0.11715,0.94091,0.87786,0.68259,0.48187,0.48242,0.34178,0.28276,0.046696,0,0.12861,1,0.94091,0.74483,0.58904,0.59492,0.45561,0.39485,0.11715,0.12861,0
0,0.067838,0.31594,0.46946,0.48884,0.73251,0.87181,0.93783,0.95277,1,0.067838,0,0.2515,0.40321,0.42167,0.66561,0.804,0.8703,0.88504,0.93228,0.31594,0.2515,0,0.15681,0.18315,0.42086,0.57528,0.63058,0.64969,0.69621,0.46946,0.40321,0.15681,0,0.039177,0.26425,0.42223,0.47392,0.49388,0.54014,0.48884,0.42167,0.18315,0.039177,0,0.2445,0.39218,0.44976,0.46724,0.51401,0.73251,0.66561,0.42086,0.26425,0.2445,0,0.18894,0.21297,0.23907,0.2828,0.87181,0.804,0.57528,0.42223,0.39218,0.18894,0,0.10596,0.092347,0.13729,0.93783,0.8703,0.63058,0.47392,0.44976,0.21297,0.10596,0,0.043382,0.072786,0.95277,0.88504,0.64969,0.49388,0.46724,0.23907,0.092347,0.043382,0,0.047397,1,0.93228,0.69621,0.54014,0.51401,0.2828,0.13729,0.072786,0.047397,0
0,0.86088,0.56089,0.51814,0.91977,0.94617,0.86716,0.72904,1,0.79771,0.86088,0,0.51394,0.4046,0.65379,0.37515,0.57504,0.72952,0.60737,0.72397,0.56089,0.51394,0,0.32368,0.43411,0.55603,0.50011,0.45211,0.65977,0.64759,0.51814,0.4046,0.32368,0,0.5617,0.44892,0.44529,0.45933,0.55132,0.4763,0.91977,0.65379,0.43411,0.5617,0,0.44235,0.28928,0.32938,0.43411,0.56347,0.94617,0.37515,0.55603,0.44892,0.44235,0,0.27158,0.50859,0.24533,0.46841,0.86716,0.57504,0.50011,0.44529,0.28928,0.27158,0,0.25843,0.18152,0.30581,0.72904,0.72952,0.45211,0.45933,0.32938,0.50859,0.25843,0,0.41673,0.32168,1,0.60737,0.65977,0.55132,0.43411,0.24533,0.18152,0.41673,0,0.32607,0.79771,0.72397,0.64759,0.4763,0.56347,0.46841,0.30581,0.32168,0.32607,0
0,0.24444,0.58407,0.64196,0.68273,0.64725,0.8709,0.9093,0.87909,1,0.24444,0,0.46174,0.4413,0.48067,0.55504,0.71764,0.77497,0.79739,0.8945,0.58407,0.46174,0,0.28685,0.44725,0.50403,0.62862,0.59282,0.6501,0.73336,0.64196,0.4413,0.28685,0,0.17562,0.39976,0.41907,0.44532,0.56269,0.60907,0.68273,0.48067,0.44725,0.17562,0,0.33957,0.29519,0.37985,0.50403,0.53238,0.64725,0.55504,0.50403,0.39976,0.33957,0,0.28311,0.29037,0.24674,0.35388,0.8709,0.71764,0.62862,0.41907,0.29519,0.28311,0,0.16195,0.29554,0.26686,0.9093,0.77497,0.59282,0.44532,0.37985,0.29037,0.16195,0,0.20548,0.17298,0.87909,0.79739,0.6501,0.56269,0.50403,0.24674,0.29554,0.20548,0,0.14657,1,0.8945,0.73336,0.60907,0.53238,0.35388,0.26686,0.17298,0.14657,0
0,0.074683,0.28545,0.33098,0.49028,0.59992,0.70835,0.84238,0.86941,1,0.074683,0,0.23065,0.29751,0.44273,0.55689,0.66901,0.80385,0.8219,0.96455,0.28545,0.23065,0,0.1161,0.21415,0.33118,0.44614,0.58074,0.59193,0.74392,0.33098,0.29751,0.1161,0,0.17545,0.27247,0.37769,0.51144,0.54487,0.66943,0.49028,0.44273,0.21415,0.17545,0,0.11887,0.23543,0.3687,0.37956,0.53302,0.59992,0.55689,0.33118,0.27247,0.11887,0,0.11665,0.24999,0.27271,0.41417,0.70835,0.66901,0.44614,0.37769,0.23543,0.11665,0,0.13491,0.18807,0.29796,0.84238,0.80385,0.58074,0.51144,0.3687,0.24999,0.13491,0,0.12557,0.16488,0.86941,0.8219,0.59193,0.54487,0.37956,0.27271,0.18807,0.12557,0,0.22445,1,0.96455,0.74392,0.66943,0.53302,0.41417,0.29796,0.16488,0.22445,0
0,0.26564,0.31406,0.48849,0.6307,0.68095,0.75632,0.81444,0.93088,1,0.26564,0,0.10009,0.23786,0.40659,0.44512,0.50282,0.5584,0.67349,0.74252,0.31406,0.10009,0,0.19761,0.3573,0.39086,0.44414,0.50212,0.61926,0.68806,0.48849,0.23786,0.19761,0,0.18479,0.21041,0.28407,0.34828,0.46696,0.53289,0.6307,0.40659,0.3573,0.18479,0,0.073698,0.25136,0.32223,0.43067,0.48399,0.68095,0.44512,0.39086,0.21041,0.073698,0,0.18406,0.25318,0.35869,0.41095,0.75632,0.50282,0.44414,0.28407,0.25136,0.18406,0,0.073409,0.19126,0.25434,0.81444,0.5584,0.50212,0.34828,0.32223,0.25318,0.073409,0,0.12062,0.18716,0.93088,0.67349,0.61926,0.46696,0.43067,0.35869,0.19126,0.12062,0,0.069765,1,0.74252,0.68806,0.53289,0.48399,0.41095,0.25434,0.18716,0.069765,0
0,0.29496,0.5365,0.40798,0.62049,0.64031,0.79949,0.91397,1,0.96123,0.29496,0,0.25685,0.39773,0.49421,0.478,0.66115,0.77493,0.86409,0.91395,0.5365,0.25685,0,0.4463,0.39445,0.341,0.51662,0.61777,0.7032,0.83029,0.40798,0.39773,0.4463,0,0.25356,0.30857,0.42219,0.52892,0.60882,0.55723,0.62049,0.49421,0.39445,0.25356,0,0.081029,0.18117,0.2954,0.38281,0.43906,0.64031,0.478,0.341,0.30857,0.081029,0,0.18477,0.29761,0.38763,0.49344,0.79949,0.66115,0.51662,0.42219,0.18117,0.18477,0,0.11683,0.20732,0.34804,0.91397,0.77493,0.61777,0.52892,0.2954,0.29761,0.11683,0,0.091311,0.31143,1,0.86409,0.7032,0.60882,0.38281,0.38763,0.20732,0.091311,0,0.29774,0.96123,0.91395,0.83029,0.55723,0.43906,0.49344,0.34804,0.31143,0.29774,0
0,0.14971,0.37702,0.58757,0.70874,0.73399,0.85855,0.95958,0.9749,1,0.14971,0,0.22856,0.46228,0.56045,0.58431,0.70921,0.81019,0.82558,0.85173,0.37702,0.22856,0,0.28315,0.35027,0.35964,0.48759,0.58387,0.6025,0.62335,0.58757,0.46228,0.28315,0,0.41217,0.34958,0.46086,0.50617,0.54654,0.50453,0.70874,0.56045,0.35027,0.41217,0,0.10218,0.16612,0.28317,0.28132,0.3538,0.73399,0.58431,0.35964,0.34958,0.10218,0,0.13569,0.22875,0.24721,0.28232,0.85855,0.70921,0.48759,0.46086,0.16612,0.13569,0,0.11991,0.11751,0.19864,0.95958,0.81019,0.58387,0.50617,0.28317,0.22875,0.11991,0,0.058096,0.088081,0.9749,0.82558,0.6025,0.54654,0.28132,0.24721,0.11751,0.058096,0,0.13643,1,0.85173,0.62335,0.50453,0.3538,0.28232,0.19864,0.088081,0.13643,0
0,0.1676,0.49164,0.52074,0.59675,0.69585,0.78817,0.91686,1,0.99991,0.1676,0,0.44666,0.43154,0.55258,0.60395,0.75056,0.85051,0.90363,0.9458,0.49164,0.44666,0,0.33797,0.52074,0.53334,0.55601,0.62776,0.63259,0.69265,0.52074,0.43154,0.33797,0,0.24733,0.21211,0.36046,0.42379,0.49269,0.52534,0.59675,0.55258,0.52074,0.24733,0,0.24217,0.26763,0.38465,0.56146,0.46882,0.69585,0.60395,0.53334,0.21211,0.24217,0,0.30222,0.31501,0.42245,0.42915,0.78817,0.75056,0.55601,0.36046,0.26763,0.30222,0,0.19383,0.42915,0.23491,0.91686,0.85051,0.62776,0.42379,0.38465,0.31501,0.19383,0,0.2644,0.11955,1,0.90363,0.63259,0.49269,0.56146,0.42245,0.42915,0.2644,0,0.31501,0.99991,0.9458,0.69265,0.52534,0.46882,0.42915,0.23491,0.11955,0.31501,0
0,0.66375,0.49926,0.66259,0.62425,0.6758,0.71886,1,0.66259,0.78364,0.66375,0,0.51989,0.51526,0.60131,0.51364,0.67695,0.80957,0.64837,0.42442,0.49926,0.51989,0,0.66571,0.31039,0.27238,0.58374,0.78628,0.58891,0.72241,0.66259,0.51526,0.66571,0,0.51376,0.63942,0.51111,0.69238,0.70288,0.59896,0.62425,0.60131,0.31039,0.51376,0,0.29793,0.43187,0.62439,0.62248,0.75005,0.6758,0.51364,0.27238,0.63942,0.29793,0,0.41783,0.54608,0.45715,0.59599,0.71886,0.67695,0.58374,0.51111,0.43187,0.41783,0,0.29407,0.35271,0.54724,1,0.80957,0.78628,0.69238,0.62439,0.54608,0.29407,0,0.49529,0.61193,0.66259,0.64837,0.58891,0.70288,0.62248,0.45715,0.35271,0.49529,0,0.42442,0.78364,0.42442,0.72241,0.59896,0.75005,0.59599,0.54724,0.61193,0.42442,0
0,0.22425,0.36639,0.58828,0.5953,0.64711,0.78311,0.82468,0.91143,1,0.22425,0,0.1555,0.38688,0.38324,0.42485,0.5595,0.60166,0.6896,0.77877,0.36639,0.1555,0,0.23148,0.22993,0.32137,0.4428,0.48871,0.58042,0.66965,0.58828,0.38688,0.23148,0,0.060618,0.28971,0.34475,0.39164,0.47966,0.5605,0.5953,0.38324,0.22993,0.060618,0,0.22978,0.28813,0.33599,0.4251,0.50758,0.64711,0.42485,0.32137,0.28971,0.22978,0,0.13955,0.17953,0.2654,0.35417,0.78311,0.5595,0.4428,0.34475,0.28813,0.13955,0,0.050478,0.1402,0.22847,0.82468,0.60166,0.48871,0.39164,0.33599,0.17953,0.050478,0,0.093563,0.18456,0.91143,0.6896,0.58042,0.47966,0.4251,0.2654,0.1402,0.093563,0,0.09232,1,0.77877,0.66965,0.5605,0.50758,0.35417,0.22847,0.18456,0.09232,0
0,0.40963,0.54624,0.69349,0.72902,0.7897,0.89728,0.91456,0.94146,1,0.40963,0,0.19709,0.47977,0.46266,0.54339,0.60619,0.58399,0.63769,0.71836,0.54624,0.19709,0,0.30794,0.27237,0.35488,0.40927,0.39033,0.44082,0.52149,0.69349,0.47977,0.30794,0,0.096098,0.10512,0.23464,0.30561,0.28533,0.31832,0.72902,0.46266,0.27237,0.096098,0,0.082948,0.16922,0.2183,0.21636,0.27217,0.7897,0.54339,0.35488,0.10512,0.082948,0,0.13411,0.2212,0.1854,0.21461,0.89728,0.60619,0.40927,0.23464,0.16922,0.13411,0,0.11017,0.051425,0.11229,0.91456,0.58399,0.39033,0.30561,0.2183,0.2212,0.11017,0,0.089192,0.18176,0.94146,0.63769,0.44082,0.28533,0.21636,0.1854,0.051425,0.089192,0,0.094532,1,0.71836,0.52149,0.31832,0.27217,0.21461,0.11229,0.18176,0.094532,0
