0,0.50801,0.34068,0.48102,0.19546,0.63744,0.3914,0.73451,0.70776,0.75088,0.50801,0,0.66506,0.56404,0.61778,0.39699,0.7574,0.62178,1,0.91528,0.34068,0.66506,0,0.57155,0.44773,0.66937,0.56911,0.81478,0.51585,0.7482,0.48102,0.56404,0.57155,0,0.45849,0.81541,0.61151,0.74501,0.90597,0.66306,0.19546,0.61778,0.44773,0.45849,0,0.75645,0.23518,0.71468,0.70776,0.64215,0.63744,0.39699,0.66937,0.81541,0.75645,0,0.81551,0.53082,0.83464,0.90597,0.3914,0.7574,0.56911,0.61151,0.23518,0.81551,0,0.65487,0.63366,0.52665,0.73451,0.62178,0.81478,0.74501,0.71468,0.53082,0.65487,0,0.79063,0.52764,0.70776,1,0.51585,0.90597,0.70776,0.83464,0.63366,0.79063,0,0.61381,0.75088,0.91528,0.7482,0.66306,0.64215,0.90597,0.52665,0.52764,0.61381,0
0,0.63298,0.47057,0.45806,0.28607,0.87345,0.2102,0.82528,0.58589,0.51157,0.63298,0,0.58775,0.56996,0.48001,0.31538,0.70129,0.28685,0.72078,0.61382,0.47057,0.58775,0,0.72046,0.58021,0.7963,0.67207,0.75281,0.37874,0.84004,0.45806,0.56996,0.72046,0,0.48021,0.8601,0.39512,0.60932,0.64079,0.18116,0.28607,0.48001,0.58021,0.48021,0,0.66239,0.30321,0.71667,0.76322,0.4604,0.87345,0.31538,0.7963,0.8601,0.66239,0,0.93699,0.47882,1,0.86464,0.2102,0.70129,0.67207,0.39512,0.30321,0.93699,0,0.87306,0.73627,0.38452,0.82528,0.28685,0.75281,0.60932,0.71667,0.47882,0.87306,0,0.7573,0.6771,0.58589,0.72078,0.37874,0.64079,0.76322,1,0.73627,0.7573,0,0.81076,0.51157,0.61382,0.84004,0.18116,0.4604,0.86464,0.38452,0.6771,0.81076,0
0,0.49849,0.57688,0.47256,0.20757,0.90361,0.25335,0.69349,0.70734,0.55703,0.49849,0,0.74758,0.66322,0.53226,0.50997,0.59669,0.52,0.80164,0.70198,0.57688,0.74758,0,0.80176,0.3702,0.80652,0.38472,0.64119,0.15043,0.54738,0.47256,0.66322,0.80176,0,0.53226,1,0.45959,0.59517,0.9138,0.37348,0.20757,0.53226,0.3702,0.53226,0,0.8237,0.11912,0.60591,0.50282,0.46454,0.90361,0.50997,0.80652,1,0.8237,0,0.87313,0.4952,0.7643,0.85598,0.25335,0.59669,0.38472,0.45959,0.11912,0.87313,0,0.58675,0.52129,0.37206,0.69349,0.52,0.64119,0.59517,0.60591,0.4952,0.58675,0,0.65536,0.40175,0.70734,0.80164,0.15043,0.9138,0.50282,0.7643,0.52129,0.65536,0,0.62828,0.55703,0.70198,0.54738,0.37348,0.46454,0.85598,0.37206,0.40175,0.62828,0
0,0.64811,0.7224,0.47619,0.24109,0.31824,0.7224,0.58446,0.86567,0.79591,0.64811,0,0.3765,0.80472,0.56144,0.68813,0.74231,0.49598,0.72244,0.64282,0.7224,0.3765,0,1,0.71846,0.6137,0.67193,0.46946,0.86571,0.64684,0.47619,0.80472,1,0,0.30192,0.62689,0.7389,0.66927,0.64811,0.75244,0.24109,0.56144,0.71846,0.30192,0,0.39962,0.6171,0.47321,0.64846,0.63992,0.31824,0.68813,0.6137,0.62689,0.39962,0,0.49667,0.42237,0.80499,0.63713,0.7224,0.74231,0.67193,0.7389,0.6171,0.49667,0,0.24823,0.47637,0.22916,0.58446,0.49598,0.46946,0.66927,0.47321,0.42237,0.24823,0,0.4689,0.24544,0.86567,0.72244,0.86571,0.64811,0.64846,0.80499,0.47637,0.4689,0,0.31074,0.79591,0.64282,0.64684,0.75244,0.63992,0.63713,0.22916,0.24544,0.31074,0
0,0.84721,0.65284,0.16473,0.16656,0.85104,0.18975,0.75235,0.63159,0.39518,0.84721,0,0.91988,0.81773,0.80929,0.43804,0.92728,0.23343,0.88509,0.81006,0.65284,0.91988,0,0.78259,0.61395,0.77598,0.52737,0.92691,0.39346,0.84965,0.16473,0.81773,0.78259,0,0.20072,0.8449,0.35043,0.72056,0.76513,0.39717,0.16656,0.80929,0.61395,0.20072,0,0.75624,0.27156,0.75256,0.67602,0.4985,0.85104,0.43804,0.77598,0.8449,0.75624,0,0.90999,0.62289,0.9302,1,0.18975,0.92728,0.52737,0.35043,0.27156,0.90999,0,0.83646,0.50045,0.45775,0.75235,0.23343,0.92691,0.72056,0.75256,0.62289,0.83646,0,0.80476,0.62513,0.63159,0.88509,0.39346,0.76513,0.67602,0.9302,0.50045,0.80476,0,0.64362,0.39518,0.81006,0.84965,0.39717,0.4985,1,0.45775,0.62513,0.64362,0
0,0.56295,0.25866,0.35916,0.038895,1,0.18877,0.59479,0.2989,0.31673,0.56295,0,0.4717,0.39695,0.52702,0.48443,0.39072,0.035252,0.58178,0.34713,0.25866,0.4717,0,0.4805,0.22913,0.82038,0.15539,0.50112,0.11545,0.40862,0.35916,0.39695,0.4805,0,0.3441,0.88013,0.32518,0.42119,0.57853,0.081364,0.038895,0.52702,0.22913,0.3441,0,0.96165,0.15033,0.55906,0.28156,0.29585,1,0.48443,0.82038,0.88013,0.96165,0,0.81178,0.46038,0.9021,0.83076,0.18877,0.39072,0.15539,0.32518,0.15033,0.81178,0,0.42268,0.25802,0.25472,0.59479,0.035252,0.50112,0.42119,0.55906,0.46038,0.42268,0,0.60988,0.37348,0.2989,0.58178,0.11545,0.57853,0.28156,0.9021,0.25802,0.60988,0,0.50898,0.31673,0.34713,0.40862,0.081364,0.29585,0.83076,0.25472,0.37348,0.50898,0
0,0.92851,0.62184,0.57089,0.17591,0.68232,0.28682,0.75318,0.57501,0.31608,0.92851,0,0.68172,0.59469,1,0.63109,0.82781,0.18511,0.82629,0.73131,0.62184,0.68172,0,0.79507,0.57172,0.45827,0.58982,0.57435,0.29507,0.63129,0.57089,0.59469,0.79507,0,0.70109,0.77592,0.46919,0.44398,0.79335,0.30899,0.17591,1,0.57172,0.70109,0,0.72996,0.30867,0.82543,0.47596,0.41087,0.68232,0.63109,0.45827,0.77592,0.72996,0,0.77783,0.57243,0.71648,0.73223,0.28682,0.82781,0.58982,0.46919,0.30867,0.77783,0,0.64327,0.45336,0.16478,0.75318,0.18511,0.57435,0.44398,0.82543,0.57243,0.64327,0,0.68448,0.54751,0.57501,0.82629,0.29507,0.79335,0.47596,0.71648,0.45336,0.68448,0,0.55902,0.31608,0.73131,0.63129,0.30899,0.41087,0.73223,0.16478,0.54751,0.55902,0
0,0.56209,0.68943,0.4412,0.3089,0.89932,0.11332,0.67325,0.77164,0.424,0.56209,0,0.49538,0.38186,0.50184,0.37631,0.54391,0.31804,0.54403,0.63422,0.68943,0.49538,0,0.57843,0.45297,0.7629,0.6322,0.63235,0.090906,0.66006,0.4412,0.38186,0.57843,0,0.52432,0.7275,0.48964,0.27943,0.62355,0.28545,0.3089,0.50184,0.45297,0.52432,0,0.8267,0.21226,0.7028,0.54291,0.54702,0.89932,0.37631,0.7629,0.7275,0.8267,0,0.87309,0.54703,0.78834,1,0.11332,0.54391,0.6322,0.48964,0.21226,0.87309,0,0.7028,0.71901,0.49091,0.67325,0.31804,0.63235,0.27943,0.7028,0.54703,0.7028,0,0.65329,0.55135,0.77164,0.54403,0.090906,0.62355,0.54291,0.78834,0.71901,0.65329,0,0.70681,0.424,0.63422,0.66006,0.28545,0.54702,1,0.49091,0.55135,0.70681,0
0,0.61072,0.52171,0.40146,0.16512,0.6732,0.3097,0.71442,0.68175,0.46455,0.61072,0,0.71831,0.26356,0.5935,0.40942,0.65246,0.50924,1,0.47095,0.52171,0.71831,0,0.52674,0.36475,0.45075,0.326,0.60759,0.47727,0.58175,0.40146,0.26356,0.52674,0,0.37982,0.39515,0.39438,0.39438,0.75084,0.25265,0.16512,0.5935,0.36475,0.37982,0,0.5572,0.24136,0.66223,0.61193,0.47095,0.6732,0.40942,0.45075,0.39515,0.5572,0,0.57525,0.46269,0.82597,0.55991,0.3097,0.65246,0.326,0.39438,0.24136,0.57525,0,0.52674,0.40004,0.35229,0.71442,0.50924,0.60759,0.39438,0.66223,0.46269,0.52674,0,0.68277,0.30781,0.68175,1,0.47727,0.75084,0.61193,0.82597,0.40004,0.68277,0,0.62407,0.46455,0.47095,0.58175,0.25265,0.47095,0.55991,0.35229,0.30781,0.62407,0
0,0.72021,0.48463,0.3685,0.24002,0.75111,0.21937,0.66453,0.46556,0.49009,0.72021,0,0.9118,0.52622,0.88661,0.22209,0.8529,0.25865,0.91514,0.56851,0.48463,0.9118,0,0.77594,0.67731,0.96207,0.57942,0.90912,0.27627,0.72299,0.3685,0.52622,0.77594,0,0.42687,0.57249,0.40997,0.38885,0.69207,0.31247,0.24002,0.88661,0.67731,0.42687,0,0.90425,0.19775,0.79723,0.62025,0.59974,0.75111,0.22209,0.96207,0.57249,0.90425,0,0.90912,0.4074,1,0.68197,0.21937,0.8529,0.57942,0.40997,0.19775,0.90912,0,0.7353,0.45889,0.47342,0.66453,0.25865,0.90912,0.38885,0.79723,0.4074,0.7353,0,0.8358,0.36423,0.46556,0.91514,0.27627,0.69207,0.62025,1,0.45889,0.8358,0,0.5625,0.49009,0.56851,0.72299,0.31247,0.59974,0.68197,0.47342,0.36423,0.5625,0
0,0.74702,0.48389,0.51454,0.14051,0.69727,0.38287,0.78508,0.7309,0.60457,0.74702,0,0.5937,0.5893,0.8612,0.40584,0.94587,0.30388,0.7608,0.57572,0.48389,0.5937,0,0.68574,0.51764,0.71148,0.81879,0.75603,0.32123,0.65781,0.51454,0.5893,0.68574,0,0.62793,0.73011,0.46696,0.42656,0.81799,0.17789,0.14051,0.8612,0.51764,0.62793,0,0.80681,0.42954,0.9071,0.7477,0.70441,0.69727,0.40584,0.71148,0.73011,0.80681,0,0.91391,0.58204,0.98698,0.80746,0.38287,0.94587,0.81879,0.46696,0.42954,0.91391,0,0.8581,1,0.60086,0.78508,0.30388,0.75603,0.42656,0.9071,0.58204,0.8581,0,0.8827,0.40829,0.7309,0.7608,0.32123,0.81799,0.7477,0.98698,1,0.8827,0,0.72516,0.60457,0.57572,0.65781,0.17789,0.70441,0.80746,0.60086,0.40829,0.72516,0
0,0.50882,0.46033,0.35952,0.24523,0.61219,0.61219,0.83738,0.44579,0.70108,0.50882,0,0.72151,0.29371,0.56297,0.39906,0.45329,0.38681,0.58437,0.37702,0.46033,0.72151,0,0.74406,0.56074,0.52535,0.8414,0.93981,0.26928,1,0.35952,0.29371,0.74406,0,0.42206,0.61864,0.4667,0.64125,0.64207,0.39869,0.24523,0.56297,0.56074,0.42206,0,0.70908,0.50287,0.81187,0.46421,0.65777,0.61219,0.39906,0.52535,0.61864,0.70908,0,0.70108,0.52535,0.44766,0.74122,0.61219,0.45329,0.8414,0.4667,0.50287,0.70108,0,0.49667,0.60797,0.30726,0.83738,0.38681,0.93981,0.64125,0.81187,0.52535,0.49667,0,0.7393,0.45028,0.44579,0.58437,0.26928,0.64207,0.46421,0.44766,0.60797,0.7393,0,0.80589,0.70108,0.37702,1,0.39869,0.65777,0.74122,0.30726,0.45028,0.80589,0
0,0.93158,0.53742,0.41081,0.31739,1,0.26812,0.76373,0.54659,0.38568,0.93158,0,0.83117,0.59167,0.9925,0.42922,0.88371,0.31625,0.82953,0.69005,0.53742,0.83117,0,0.66104,0.58678,0.72394,0.50773,0.61296,0.12162,0.5681,0.41081,0.59167,0.66104,0,0.50737,0.76413,0.41339,0.53727,0.67311,0.25175,0.31739,0.9925,0.58678,0.50737,0,0.95428,0.11589,0.89643,0.65657,0.31635,1,0.42922,0.72394,0.76413,0.95428,0,0.86085,0.53543,0.77066,0.71205,0.26812,0.88371,0.50773,0.41339,0.11589,0.86085,0,0.78055,0.5721,0.22592,0.76373,0.31625,0.61296,0.53727,0.89643,0.53543,0.78055,0,0.57554,0.64664,0.54659,0.82953,0.12162,0.67311,0.65657,0.77066,0.5721,0.57554,0,0.62392,0.38568,0.69005,0.5681,0.25175,0.31635,0.71205,0.22592,0.64664,0.62392,0
0,0.77892,0.50551,0.41116,0.27849,0.636,0.43669,0.90123,0.63046,0.56384,0.77892,0,0.79965,0.73511,0.76084,0.4636,0.98211,0.636,0.96807,0.88786,0.50551,0.79965,0,0.70096,0.45697,0.51255,0.78462,0.8758,0.56265,0.68321,0.41116,0.73511,0.70096,0,0.62464,0.79945,0.73419,1,0.88786,0.58523,0.27849,0.76084,0.45697,0.62464,0,0.47005,0.56339,0.92257,0.68284,0.77338,0.636,0.4636,0.51255,0.79945,0.47005,0,0.87701,0.74388,0.80306,0.91408,0.43669,0.98211,0.78462,0.73419,0.56339,0.87701,0,0.83798,0.53082,0.56465,0.90123,0.636,0.8758,1,0.92257,0.74388,0.83798,0,0.65033,0.72118,0.63046,0.96807,0.56265,0.88786,0.68284,0.80306,0.53082,0.65033,0,0.48042,0.56384,0.88786,0.68321,0.58523,0.77338,0.91408,0.56465,0.72118,0.48042,0
0,0.87676,0.69399,0.42091,0.3394,0.94384,0.45238,0.76008,0.82536,0.58826,0.87676,0,0.9116,0.60415,0.87676,0.35414,0.93696,0.36603,1,0.80411,0.69399,0.9116,0,0.88096,0.58703,0.70885,0.7561,0.91769,0.37122,0.95532,0.42091,0.60415,0.88096,0,0.48588,0.79031,0.49283,0.41249,0.93614,0.35961,0.3394,0.87676,0.58703,0.48588,0,0.86411,0.18786,0.67653,0.56415,0.44289,0.94384,0.35414,0.70885,0.79031,0.86411,0,0.9555,0.53969,0.77705,0.91562,0.45238,0.93696,0.7561,0.49283,0.18786,0.9555,0,0.6705,0.66361,0.3187,0.76008,0.36603,0.91769,0.41249,0.67653,0.53969,0.6705,0,0.89629,0.47322,0.82536,1,0.37122,0.93614,0.56415,0.77705,0.66361,0.89629,0,0.86828,0.58826,0.80411,0.95532,0.35961,0.44289,0.91562,0.3187,0.47322,0.86828,0
0,0.93486,0.60374,0.47429,0.18229,0.83784,0.20083,0.81114,0.56631,0.69017,0.93486,0,0.92979,0.72831,1,0.3945,0.99892,0.32259,0.84754,0.79496,0.60374,0.92979,0,0.84543,0.48317,0.7212,0.60284,0.74625,0.11352,0.76831,0.47429,0.72831,0.84543,0,0.63109,0.84951,0.45305,0.58651,0.75235,0.416,0.18229,1,0.48317,0.63109,0,0.8388,0.27897,0.86778,0.47655,0.77293,0.83784,0.3945,0.7212,0.84951,0.8388,0,0.94581,0.52147,0.68039,0.93701,0.20083,0.99892,0.60284,0.45305,0.27897,0.94581,0,0.81454,0.55196,0.57331,0.81114,0.32259,0.74625,0.58651,0.86778,0.52147,0.81454,0,0.64445,0.5096,0.56631,0.84754,0.11352,0.75235,0.47655,0.68039,0.55196,0.64445,0,0.65959,0.69017,0.79496,0.76831,0.416,0.77293,0.93701,0.57331,0.5096,0.65959,0
0,0.53544,0.30219,0.36842,0.15846,0.40675,0.40585,0.68148,0.47514,0.38489,0.53544,0,0.46034,0.39299,0.5752,0.25613,0.56655,0.30383,0.83049,0.42322,0.30219,0.46034,0,0.3894,0.30225,0.42519,0.52175,0.63567,0.37511,0.50339,0.36842,0.39299,0.3894,0,0.30219,0.46051,0.19305,0.37216,0.69687,0.16859,0.15846,0.5752,0.30225,0.30219,0,0.51106,0.31274,0.66159,0.46189,0.35925,0.40675,0.25613,0.42519,0.46051,0.51106,0,0.59678,0.5219,0.73888,0.44819,0.40585,0.56655,0.52175,0.19305,0.31274,0.59678,0,0.50234,0.75829,0.18708,0.68148,0.30383,0.63567,0.37216,0.66159,0.5219,0.50234,0,1,0.39067,0.47514,0.83049,0.37511,0.69687,0.46189,0.73888,0.75829,1,0,0.79707,0.38489,0.42322,0.50339,0.16859,0.35925,0.44819,0.18708,0.39067,0.79707,0
0,0.81167,0.61904,0.5555,0.29311,0.72201,0.25354,0.76638,0.72196,0.58786,0.81167,0,0.92709,0.33228,0.92839,0.95144,0.85818,0.41307,1,0.61934,0.61904,0.92709,0,0.77416,0.55866,0.87079,0.42459,0.67053,0.21479,0.40185,0.5555,0.33228,0.77416,0,0.66834,0.87967,0.59542,0.46522,0.86239,0.44306,0.29311,0.92839,0.55866,0.66834,0,0.97192,0.19566,0.89041,0.72206,0.57826,0.72201,0.95144,0.87079,0.87967,0.97192,0,0.83634,0.73062,0.79854,0.90531,0.25354,0.85818,0.42459,0.59542,0.19566,0.83634,0,0.74924,0.55782,0.44306,0.76638,0.41307,0.67053,0.46522,0.89041,0.73062,0.74924,0,0.67026,0.44306,0.72196,1,0.21479,0.86239,0.72206,0.79854,0.55782,0.67026,0,0.49547,0.58786,0.61934,0.40185,0.44306,0.57826,0.90531,0.44306,0.44306,0.49547,0
0,0.8463,0.48727,0.35684,0.10414,0.82996,0.28941,0.55726,0.60066,0.36495,0.8463,0,0.83954,0.59904,0.7875,0.41274,0.91207,0.29485,0.70191,0.53558,0.48727,0.83954,0,0.64195,0.48428,0.70612,0.60524,0.60524,0.49983,0.60752,0.35684,0.59904,0.64195,0,0.34331,0.75195,0.34593,0.34286,0.48596,0.10263,0.10414,0.7875,0.48428,0.34331,0,0.75597,0.35098,0.49983,0.60524,0.34357,0.82996,0.41274,0.70612,0.75195,0.75597,0,1,0.44069,0.82578,0.66981,0.28941,0.91207,0.60524,0.34593,0.35098,1,0,0.63281,0.49428,0.41274,0.55726,0.29485,0.60524,0.34286,0.49983,0.44069,0.63281,0,0.50223,0.27879,0.60066,0.70191,0.49983,0.48596,0.60524,0.82578,0.49428,0.50223,0,0.49967,0.36495,0.53558,0.60752,0.10263,0.34357,0.66981,0.41274,0.27879,0.49967,0
