0,0.71887,0.65732,0.60026,0.81311,0.57031,0.81545,0.40587,0.64842,0.34169,0.71887,0,1,0.48211,0.44951,0.54632,0.65495,0.57781,0.54848,0.74622,0.65732,1,0,0.66832,0.74929,0.69267,0.56459,0.46159,0.65845,0.758,0.60026,0.48211,0.66832,0,0.35087,0.12343,0.48211,0.26434,0.60548,0.78964,0.81311,0.44951,0.74929,0.35087,0,0.47331,0.26843,0.46082,0.4664,0.87176,0.57031,0.54632,0.69267,0.12343,0.47331,0,0.59322,0.29185,0.69724,0.80656,0.81545,0.65495,0.56459,0.48211,0.26843,0.59322,0,0.45837,0.39204,0.83809,0.40587,0.57781,0.46159,0.26434,0.46082,0.29185,0.45837,0,0.48434,0.5833,0.64842,0.54848,0.65845,0.60548,0.4664,0.69724,0.39204,0.48434,0,0.53064,0.34169,0.74622,0.758,0.78964,0.87176,0.80656,0.83809,0.5833,0.53064,0
0,1,0.6757,0.87812,0.47584,0.60544,0.45944,0.39409,0.78806,0.13232,1,0,0.58979,0.79692,0.79692,0.49561,0.70159,0.75334,0.21546,0.882,0.6757,0.58979,0,0.86897,0.6281,0.61473,0.59492,0.66739,0.4762,0.54759,0.87812,0.79692,0.86897,0,0.41189,0.6552,0.43823,0.54926,0.68535,0.81125,0.47584,0.79692,0.6281,0.41189,0,0.50066,0.13628,0.2593,0.60776,0.4112,0.60544,0.49561,0.61473,0.6552,0.50066,0,0.36557,0.32168,0.30476,0.52436,0.45944,0.70159,0.59492,0.43823,0.13628,0.36557,0,0.15588,0.50291,0.38391,0.39409,0.75334,0.66739,0.54926,0.2593,0.32168,0.15588,0,0.54581,0.34729,0.78806,0.21546,0.4762,0.68535,0.60776,0.30476,0.50291,0.54581,0,0.67256,0.13232,0.882,0.54759,0.81125,0.4112,0.52436,0.38391,0.34729,0.67256,0
0,0.99266,0.42043,1,0.60905,0.75237,0.85329,0.4187,0.55613,0.082641,0.99266,0,0.78548,0.22946,0.7157,0.24381,0.28325,0.85884,0.64439,0.91901,0.42043,0.78548,0,0.88116,0.76677,0.56371,0.77256,0.67529,0.17848,0.40632,1,0.22946,0.88116,0,0.59063,0.3251,0.18532,0.77254,0.77253,0.91967,0.60905,0.7157,0.76677,0.59063,0,0.55696,0.45613,0.22895,0.77256,0.53212,0.75237,0.24381,0.56371,0.3251,0.55696,0,0.25989,0.6547,0.44748,0.6797,0.85329,0.28325,0.77256,0.18532,0.45613,0.25989,0,0.63218,0.67531,0.77269,0.4187,0.85884,0.67529,0.77254,0.22895,0.6547,0.63218,0,0.73279,0.35282,0.55613,0.64439,0.17848,0.77253,0.77256,0.44748,0.67531,0.73279,0,0.52388,0.082641,0.91901,0.40632,0.91967,0.53212,0.6797,0.77269,0.35282,0.52388,0
0,0.57173,0.52211,0.44334,0.62217,0.52068,0.58858,1,0.71932,0.62196,0.57173,0,0.79872,0.5806,0.72638,0.43679,0.98711,0.88686,0.96658,0.72638,0.52211,0.79872,0,0.57526,0.66889,0.72214,0.53127,0.772,0.29406,0.75985,0.44334,0.5806,0.57526,0,0.49356,0.21984,0.73346,0.95347,0.84769,0.95335,0.62217,0.72638,0.66889,0.49356,0,0.52326,0.52697,0.68142,0.81511,0.84745,0.52068,0.43679,0.72214,0.21984,0.52326,0,0.86434,0.94717,0.97132,0.95326,0.58858,0.98711,0.53127,0.73346,0.52697,0.86434,0,0.84059,0.562,0.72638,1,0.88686,0.772,0.95347,0.68142,0.94717,0.84059,0,0.71941,0.84745,0.71932,0.96658,0.29406,0.84769,0.81511,0.97132,0.562,0.71941,0,0.71781,0.62196,0.72638,0.75985,0.95335,0.84745,0.95326,0.72638,0.84745,0.71781,0
0,0.45855,0.21866,0.54593,0.36256,0.87463,0.49836,0.83398,0.36454,0.15492,0.45855,0,0.47148,0.32641,0.39122,0.5961,0.32027,0.79873,0.5439,0.52228,0.21866,0.47148,0,0.57422,0.50036,0.7594,0.52228,0.67197,0.16876,0.27023,0.54593,0.32641,0.57422,0,0.59636,0.7254,0.070043,1,0.61218,0.5289,0.36256,0.39122,0.50036,0.59636,0,0.92505,0.56857,0.95331,0.65211,0.45114,0.87463,0.5961,0.7594,0.7254,0.92505,0,0.74096,0.52337,0.68973,0.95329,0.49836,0.32027,0.52228,0.070043,0.56857,0.74096,0,0.98231,0.56659,0.47148,0.83398,0.79873,0.67197,1,0.95331,0.52337,0.98231,0,0.58998,0.93529,0.36454,0.5439,0.16876,0.61218,0.65211,0.68973,0.56659,0.58998,0,0.39699,0.15492,0.52228,0.27023,0.5289,0.45114,0.95329,0.47148,0.93529,0.39699,0
0,0.77246,0.47959,0.80857,0.40466,0.57527,0.53961,0.58542,0.58761,0.21006,0.77246,0,0.72267,0.30025,0.64739,0.47959,0.4716,0.83523,0.49892,0.96996,0.47959,0.72267,0,0.84302,0.73025,0.69013,0.79636,0.61641,0.31763,0.56657,0.80857,0.30025,0.84302,0,0.54538,0.31125,0.43712,0.72308,0.59147,1,0.40466,0.64739,0.73025,0.54538,0,0.30194,0.28893,0.52919,0.65245,0.55668,0.57527,0.47959,0.69013,0.31125,0.30194,0,0.37829,0.44637,0.49851,0.74558,0.53961,0.4716,0.79636,0.43712,0.28893,0.37829,0,0.74902,0.67786,0.72308,0.58542,0.83523,0.61641,0.72308,0.52919,0.44637,0.74902,0,0.52824,0.64956,0.58761,0.49892,0.31763,0.59147,0.65245,0.49851,0.67786,0.52824,0,0.7255,0.21006,0.96996,0.56657,1,0.55668,0.74558,0.72308,0.64956,0.7255,0
0,1,0.52272,0.7173,0.40204,0.76559,0.76806,0.52272,0.90308,0.14997,1,0,0.93504,0.46338,0.83284,0.4467,0.55054,0.6204,0.26453,0.86717,0.52272,0.93504,0,0.79892,0.7629,0.58589,0.84471,0.65249,0.74027,0.50789,0.7173,0.46338,0.79892,0,0.44283,0.37105,0.12607,0.58992,0.5547,0.62574,0.40204,0.83284,0.7629,0.44283,0,0.67652,0.47373,0.55804,0.84747,0.37185,0.76559,0.4467,0.58589,0.37105,0.67652,0,0.41186,0.62036,0.37745,0.67444,0.76806,0.55054,0.84471,0.12607,0.47373,0.41186,0,0.70463,0.64971,0.69469,0.52272,0.6204,0.65249,0.58992,0.55804,0.62036,0.70463,0,0.52272,0.37674,0.90308,0.26453,0.74027,0.5547,0.84747,0.37745,0.64971,0.52272,0,0.77085,0.14997,0.86717,0.50789,0.62574,0.37185,0.67444,0.69469,0.37674,0.77085,0
0,0.82386,0.2829,0.47756,0.50488,0.68563,0.63359,0.67569,0.66638,0.57868,0.82386,0,0.67733,0.71089,0.82386,0.71089,0.79508,0.89751,0.24528,0.57619,0.2829,0.67733,0,0.47053,0.5908,0.73085,0.60064,0.79368,0.49864,0.39827,0.47756,0.71089,0.47053,0,0.7379,0.82386,0.86498,1,0.62831,0.64699,0.50488,0.82386,0.5908,0.7379,0,0.88885,0.28553,0.66202,0.7853,0.51468,0.68563,0.71089,0.73085,0.82386,0.88885,0,0.9811,0.4879,0.5775,0.93245,0.63359,0.79508,0.60064,0.86498,0.28553,0.9811,0,0.75816,0.75816,0.39428,0.67569,0.89751,0.79368,1,0.66202,0.4879,0.75816,0,0.80059,0.90239,0.66638,0.24528,0.49864,0.62831,0.7853,0.5775,0.75816,0.80059,0,0.52584,0.57868,0.57619,0.39827,0.64699,0.51468,0.93245,0.39428,0.90239,0.52584,0
0,0.92711,0.63326,0.72325,0.41121,0.51585,0.84087,0.2321,0.56683,0.099293,0.92711,0,0.72538,0.29547,0.69746,0.41865,0.51827,0.79606,0.81118,1,0.63326,0.72538,0,0.56522,0.75366,0.47919,0.87307,0.41972,0.12098,0.64694,0.72325,0.29547,0.56522,0,0.4962,0.22872,0.35452,0.56924,0.63686,0.78012,0.41121,0.69746,0.75366,0.4962,0,0.36594,0.47504,0.43119,0.74655,0.4749,0.51585,0.41865,0.47919,0.22872,0.36594,0,0.47919,0.3848,0.51879,0.58344,0.84087,0.51827,0.87307,0.35452,0.47504,0.47919,0,0.74884,0.9223,0.89135,0.2321,0.79606,0.41972,0.56924,0.43119,0.3848,0.74884,0,0.368,0.25013,0.56683,0.81118,0.12098,0.63686,0.74655,0.51879,0.9223,0.368,0,0.56924,0.099293,1,0.64694,0.78012,0.4749,0.58344,0.89135,0.25013,0.56924,0
0,0.85226,0.58347,0.74586,0.46413,0.79801,0.80471,0.44538,0.62151,0.19803,0.85226,0,0.94087,0.68946,0.8457,0.4786,0.65413,0.91102,1,0.73835,0.58347,0.94087,0,0.95104,0.65414,0.69718,0.98886,0.60696,0.34903,0.44538,0.74586,0.68946,0.95104,0,0.857,0.53649,0.73389,0.67666,0.857,0.75737,0.46413,0.8457,0.65414,0.857,0,0.74271,0.50779,0.3267,0.54024,0.42137,0.79801,0.4786,0.69718,0.53649,0.74271,0,0.63175,0.67173,0.65542,0.67666,0.80471,0.65413,0.98886,0.73389,0.50779,0.63175,0,0.60706,0.84296,0.7538,0.44538,0.91102,0.60696,0.67666,0.3267,0.67173,0.60706,0,0.38591,0.45693,0.62151,1,0.34903,0.857,0.54024,0.65542,0.84296,0.38591,0,0.54025,0.19803,0.73835,0.44538,0.75737,0.42137,0.67666,0.7538,0.45693,0.54025,0
0,0.51678,0.2676,0.49264,0.5254,0.66407,0.63545,0.86794,0.34438,0.45079,0.51678,0,0.76201,0.16099,0.72034,0.62565,0.48233,0.92084,0.24747,0.66968,0.2676,0.76201,0,0.72455,0.61745,0.7557,0.85792,0.91381,0.55348,0.60015,0.49264,0.16099,0.72455,0,0.8091,0.66407,0.62195,1,0.24208,0.73249,0.5254,0.72034,0.61745,0.8091,0,0.66961,0.46509,0.59493,0.62322,0.38857,0.66407,0.62565,0.7557,0.66407,0.66961,0,0.77842,0.41963,0.47272,0.91007,0.63545,0.48233,0.85792,0.62195,0.46509,0.77842,0,0.84492,0.5685,0.43324,0.86794,0.92084,0.91381,1,0.59493,0.41963,0.84492,0,0.7897,0.95825,0.34438,0.24747,0.55348,0.24208,0.62322,0.47272,0.5685,0.7897,0,0.63587,0.45079,0.66968,0.60015,0.73249,0.38857,0.91007,0.43324,0.95825,0.63587,0
0,0.8752,0.76362,0.90294,0.78809,0.89765,1,0.56796,0.89886,0.35826,0.8752,0,0.65606,0.78423,0.75614,0.88899,0.5924,0.46564,0.39317,0.7938,0.76362,0.65606,0,0.79152,0.81925,0.76646,0.64921,0.70564,0.759,0.4767,0.90294,0.78423,0.79152,0,0.89888,0.78809,0.65332,0.89396,0.76126,0.78343,0.78809,0.75614,0.81925,0.89888,0,0.71474,0.60632,0.63392,0.57548,0.72319,0.89765,0.88899,0.76646,0.78809,0.71474,0,0.89087,0.77206,0.61795,0.83969,1,0.5924,0.64921,0.65332,0.60632,0.89087,0,0.81776,0.63045,0.77422,0.56796,0.46564,0.70564,0.89396,0.63392,0.77206,0.81776,0,0.45567,0.63651,0.89886,0.39317,0.759,0.76126,0.57548,0.61795,0.63045,0.45567,0,0.8608,0.35826,0.7938,0.4767,0.78343,0.72319,0.83969,0.77422,0.63651,0.8608,0
0,0.77513,0.47604,0.61056,0.54284,0.65733,0.68688,0.76628,0.55595,0.12945,0.77513,0,0.69675,0.42609,0.62735,0.60503,0.56509,1,0.84968,0.77883,0.47604,0.69675,0,0.77514,0.7076,0.77516,0.8677,0.84629,0.35673,0.56229,0.61056,0.42609,0.77514,0,0.30899,0.30629,0.17666,0.75122,0.80508,0.54506,0.54284,0.62735,0.7076,0.30899,0,0.12312,0.24189,0.44513,0.60467,0.45238,0.65733,0.60503,0.77516,0.30629,0.12312,0,0.20156,0.46804,0.66725,0.57202,0.68688,0.56509,0.8677,0.17666,0.24189,0.20156,0,0.6493,0.82479,0.59702,0.76628,1,0.84629,0.75122,0.44513,0.46804,0.6493,0,0.5529,0.68688,0.55595,0.84968,0.35673,0.80508,0.60467,0.66725,0.82479,0.5529,0,0.57997,0.12945,0.77883,0.56229,0.54506,0.45238,0.57202,0.59702,0.68688,0.57997,0
0,0.66927,0.60094,0.70922,0.20718,0.65773,0.12573,0.38273,0.72906,0.20373,0.66927,0,0.52361,0.37638,0.60087,0.40147,0.72998,0.73425,0.78615,0.86796,0.60094,0.52361,0,0.84464,0.69786,0.79154,0.67021,0.88837,0.82387,0.75755,0.70922,0.37638,0.84464,0,0.54552,0.27867,0.74298,0.5874,0.8265,0.87749,0.20718,0.60087,0.69786,0.54552,0,0.49806,0.25413,0.21083,0.75755,0.34771,0.65773,0.40147,0.79154,0.27867,0.49806,0,0.73216,0.50843,1,0.83702,0.12573,0.72998,0.67021,0.74298,0.25413,0.73216,0,0.41707,0.65462,0.15873,0.38273,0.73425,0.88837,0.5874,0.21083,0.50843,0.41707,0,0.92421,0.45583,0.72906,0.78615,0.82387,0.8265,0.75755,1,0.65462,0.92421,0,0.7834,0.20373,0.86796,0.75755,0.87749,0.34771,0.83702,0.15873,0.45583,0.7834,0
0,0.65045,0.60143,0.64098,0.47648,0.50554,0.83715,0.37298,0.7605,0.40667,0.65045,0,0.70743,0.6563,0.4328,0.52483,0.40667,0.6563,0.26273,0.57172,0.60143,0.70743,0,1,0.41889,0.80977,0.84414,0.57352,0.84331,0.74559,0.64098,0.6563,1,0,0.61831,0.7925,0.616,0.81113,0.75242,0.32724,0.47648,0.4328,0.41889,0.61831,0,0.68759,0.47348,0.5751,0.5775,0.3929,0.50554,0.52483,0.80977,0.7925,0.68759,0,0.8755,0.3972,0.56348,0.70878,0.83715,0.40667,0.84414,0.616,0.47348,0.8755,0,0.94175,0.45201,0.56627,0.37298,0.6563,0.57352,0.81113,0.5751,0.3972,0.94175,0,0.77732,0.67004,0.7605,0.26273,0.84331,0.75242,0.5775,0.56348,0.45201,0.77732,0,0.68762,0.40667,0.57172,0.74559,0.32724,0.3929,0.70878,0.56627,0.67004,0.68762,0
0,0.66332,0.17652,0.63199,0.19824,0.34349,0.6176,0.51611,0.38649,0.16951,0.66332,0,0.48695,0.26222,0.7989,0.79191,0.4186,1,0.31286,0.7004,0.17652,0.48695,0,0.47273,0.33439,0.40599,0.48667,0.60879,0.22468,0.25992,0.63199,0.26222,0.47273,0,0.70939,0.63986,0.18345,0.84693,0.41252,0.71841,0.19824,0.7989,0.33439,0.70939,0,0.20167,0.66236,0.38688,0.55865,0.31007,0.34349,0.79191,0.40599,0.63986,0.20167,0,0.556,0.3042,0.61497,0.48345,0.6176,0.4186,0.48667,0.18345,0.66236,0.556,0,0.71841,0.48781,0.74007,0.51611,1,0.60879,0.84693,0.38688,0.3042,0.71841,0,0.80632,0.66621,0.38649,0.31286,0.22468,0.41252,0.55865,0.61497,0.48781,0.80632,0,0.41041,0.16951,0.7004,0.25992,0.71841,0.31007,0.48345,0.74007,0.66621,0.41041,0
0,0.78634,0.41104,0.73684,0.33366,0.58958,0.62664,0.55556,0.53857,0.22875,0.78634,0,0.68526,0.27971,0.90142,0.59702,0.56374,1,0.61133,0.81468,0.41104,0.68526,0,0.78497,0.72893,0.71139,0.82473,0.7864,0.25734,0.25984,0.73684,0.27971,0.78497,0,0.75644,0.45255,0.37009,0.87466,0.72256,0.84099,0.33366,0.90142,0.72893,0.75644,0,0.65296,0.51007,0.61758,0.83328,0.53655,0.58958,0.59702,0.71139,0.45255,0.65296,0,0.59652,0.45562,0.59702,0.73855,0.62664,0.56374,0.82473,0.37009,0.51007,0.59652,0,0.87594,0.86051,0.76787,0.55556,1,0.7864,0.87466,0.61758,0.45562,0.87594,0,0.72825,0.71754,0.53857,0.61133,0.25734,0.72256,0.83328,0.59702,0.86051,0.72825,0,0.46514,0.22875,0.81468,0.25984,0.84099,0.53655,0.73855,0.76787,0.71754,0.46514,0
0,0.65568,0.53932,0.73126,0.5475,0.69115,0.78972,0.8097,0.68599,0.35689,0.65568,0,0.50085,0.45701,0.50198,0.5475,0.36583,0.64683,0.44136,0.3894,0.53932,0.50085,0,0.8097,0.68989,0.69115,0.78864,0.77221,0.28688,0.44992,0.73126,0.45701,0.8097,0,0.64738,0.75011,0.17587,1,0.8053,0.62028,0.5475,0.50198,0.68989,0.64738,0,0.81846,0.66763,0.68811,0.78972,0.27498,0.69115,0.5475,0.69115,0.75011,0.81846,0,0.66635,0.54366,0.5175,0.62893,0.78972,0.36583,0.78864,0.17587,0.66763,0.66635,0,0.91083,0.72877,0.62502,0.8097,0.64683,0.77221,1,0.68811,0.54366,0.91083,0,0.66763,0.5967,0.68599,0.44136,0.28688,0.8053,0.78972,0.5175,0.72877,0.66763,0,0.55254,0.35689,0.3894,0.44992,0.62028,0.27498,0.62893,0.62502,0.5967,0.55254,0
0,0.58533,0.39649,0.52809,0.32798,0.53482,0.63299,0.75619,0.21686,0.45071,0.58533,0,0.54677,0.135,0.6687,0.80551,0.37126,0.76687,0.69111,0.39642,0.39649,0.54677,0,0.57061,0.69428,0.80817,0.80058,0.68564,0.35183,0.61071,0.52809,0.135,0.57061,0,0.55756,0.68503,0.27636,0.7188,0.67084,0.3738,0.32798,0.6687,0.69428,0.55756,0,0.33325,0.52831,0.81098,0.52794,0.51013,0.53482,0.80551,0.80817,0.68503,0.33325,0,0.69416,0.62995,0.7336,0.78968,0.63299,0.37126,0.80058,0.27636,0.52831,0.69416,0,0.91041,0.79925,0.37308,0.75619,0.76687,0.68564,0.7188,0.81098,0.62995,0.91041,0,0.87973,1,0.21686,0.69111,0.35183,0.67084,0.52794,0.7336,0.79925,0.87973,0,0.53496,0.45071,0.39642,0.61071,0.3738,0.51013,0.78968,0.37308,1,0.53496,0
0,0.8001,0.58145,0.93802,0.66862,0.7317,0.8368,0.6411,0.69444,0.34829,0.8001,0,0.6415,0.29209,0.43152,0.57206,0.52008,0.83496,0.44526,0.67586,0.58145,0.6415,0,0.84279,0.7545,0.87689,0.92674,1,0.65884,0.66075,0.93802,0.29209,0.84279,0,0.56212,0.47581,0.60985,0.81825,0.67969,0.85956,0.66862,0.43152,0.7545,0.56212,0,0.69228,0.18388,0.8221,0.58157,0.43052,0.7317,0.57206,0.87689,0.47581,0.69228,0,0.78758,0.37554,0.68431,0.77319,0.8368,0.52008,0.92674,0.60985,0.18388,0.78758,0,0.92156,0.68367,0.57129,0.6411,0.83496,1,0.81825,0.8221,0.37554,0.92156,0,0.75835,0.72522,0.69444,0.44526,0.65884,0.67969,0.58157,0.68431,0.68367,0.75835,0,0.54366,0.34829,0.67586,0.66075,0.85956,0.43052,0.77319,0.57129,0.72522,0.54366,0
