0,1.9145,1.3488,0.76612,0.67672,2.5787,0.62178,1.7254,1.6877,1.0206,1.9145,0,2.0083,1.7483,1.815,0.98302,2.0141,0.6482,2.0141,1.8453,1.3488,2.0083,0,1.4211,1.9413,2.2435,1.9334,1.8637,0.8052,2.0083,0.76612,1.7483,1.4211,0,0.99165,2.2065,0.90304,1.321,1.3495,0.62384,0.67672,1.815,1.9413,0.99165,0,2.6124,0.28142,1.6639,2.1837,0.79793,2.5787,0.98302,2.2435,2.2065,2.6124,0,2.7512,1,1.9617,2.4135,0.62178,2.0141,1.9334,0.90304,0.28142,2.7512,0,1.7907,2.1435,0.70831,1.7254,0.6482,1.8637,1.321,1.6639,1,1.7907,0,1.6639,1.4284,1.6877,2.0141,0.8052,1.3495,2.1837,1.9617,2.1435,1.6639,0,1.9413,1.0206,1.8453,2.0083,0.62384,0.79793,2.4135,0.70831,1.4284,1.9413,0
0,1.7277,1.6936,1.1541,0.60229,1.5271,1.0895,1.3729,1.8254,1.2319,1.7277,0,2.6839,1.4835,2.235,1.3634,1.7891,1.7104,2.9677,1.9962,1.6936,2.6839,0,2.6084,1.6325,2.3768,2.0496,1.9144,0.87376,2.1561,1.1541,1.4835,2.6084,0,1.35,2.058,0.81448,1.1978,2.5093,0.90679,0.60229,2.235,1.6325,1.35,0,2.1142,1.025,1.3733,1.503,1.068,1.5271,1.3634,2.3768,2.058,2.1142,0,2.3163,2.3812,2.9364,2.5224,1.0895,1.7891,2.0496,0.81448,1.025,2.3163,0,0.5383,1.7867,0.22489,1.3729,1.7104,1.9144,1.1978,1.3733,2.3812,0.5383,0,1.6787,0.65926,1.8254,2.9677,0.87376,2.5093,1.503,2.9364,1.7867,1.6787,0,1.8064,1.2319,1.9962,2.1561,0.90679,1.068,2.5224,0.22489,0.65926,1.8064,0
0,2.2767,1.9353,1.5927,0.14973,2.5747,1.0716,2.0519,2.3616,1.8746,2.2767,0,2.674,1.8977,2.2361,1.3555,2.7452,1.8905,3.673,2.4359,1.9353,2.674,0,2.9693,2.0007,1.8815,1.6045,1.8906,1.5937,2.1784,1.5927,1.8977,2.9693,0,1.6129,2.7625,1.9287,1.819,3.1603,1.5856,0.14973,2.2361,2.0007,1.6129,0,2.5752,1.2192,2.1388,2.497,1.9941,2.5747,1.3555,1.8815,2.7625,2.5752,0,2.6888,1.728,3.1324,2.496,1.0716,2.7452,1.6045,1.9287,1.2192,2.6888,0,1.6492,1.3676,1.2547,2.0519,1.8905,1.8906,1.819,2.1388,1.728,1.6492,0,2.1387,0.83802,2.3616,3.673,1.5937,3.1603,2.497,3.1324,1.3676,2.1387,0,1.8815,1.8746,2.4359,2.1784,1.5856,1.9941,2.496,1.2547,0.83802,1.8815,0
0,1.9762,0.86537,1,1.0942,1.7316,0.49278,1.9611,1.1414,0.72969,1.9762,0,1.9008,1.9462,1.4823,1.6239,1.6479,1.2179,1.8104,1.7635,0.86537,1.9008,0,1.6012,1.3147,1.6165,1.0548,2.2837,0.48996,1.3776,1,1.9462,1.6012,0,1.6696,1.4362,1.0292,1.3371,1.5792,1.0492,1.0942,1.4823,1.3147,1.6696,0,2.1839,0.70135,1.9088,1.6165,0.76636,1.7316,1.6239,1.6165,1.4362,2.1839,0,1.801,1.5204,1.2701,2.0273,0.49278,1.6479,1.0548,1.0292,0.70135,1.801,0,1.6888,1.3018,0.33554,1.9611,1.2179,2.2837,1.3371,1.9088,1.5204,1.6888,0,2.1549,1.6713,1.1414,1.8104,0.48996,1.5792,1.6165,1.2701,1.3018,2.1549,0,1.6165,0.72969,1.7635,1.3776,1.0492,0.76636,2.0273,0.33554,1.6713,1.6165,0
0,2.3962,1.4352,1.5059,0.294,2.5572,0.614,2.1457,1.7492,1.2916,2.3962,0,3.0466,1.0795,2.3358,1.5924,2.0642,0.70541,2.7907,1.3318,1.4352,3.0466,0,2.5565,1.183,2.3528,1.7327,2.9637,0.7595,2.3613,1.5059,1.0795,2.5565,0,1.5491,2.1057,1.1688,0.80242,2.4972,0.38889,0.294,2.3358,1.183,1.5491,0,2.3311,0.68006,2.1297,1.4701,1.3393,2.5572,1.5924,2.3528,2.1057,2.3311,0,2.3536,1.8803,1.8531,2.1297,0.614,2.0642,1.7327,1.1688,0.68006,2.3536,0,1.6795,1.7923,0.8449,2.1457,0.70541,2.9637,0.80242,2.1297,1.8803,1.6795,0,2.6989,0.90334,1.7492,2.7907,0.7595,2.4972,1.4701,1.8531,1.7923,2.6989,0,2.285,1.2916,1.3318,2.3613,0.38889,1.3393,2.1297,0.8449,0.90334,2.285,0
0,1.5537,1.7378,1.1566,0.76774,2.4021,1.3767,2.3713,2.044,1.4212,1.5537,0,1.9006,1.1902,1.2133,1.1866,1.6926,1.1267,2.3534,1.0613,1.7378,1.9006,0,1.618,1.2607,1.8052,1.6163,1.902,0.89875,1.6079,1.1566,1.1902,1.618,0,1.2688,2.0186,0.5243,1.5356,1.6236,0.33214,0.76774,1.2133,1.2607,1.2688,0,1.7535,1.5723,1.9579,1.8634,1.3824,2.4021,1.1866,1.8052,2.0186,1.7535,0,2.3825,1,2.4223,1.7953,1.3767,1.6926,1.6163,0.5243,1.5723,2.3825,0,1.8361,1.3445,0.69711,2.3713,1.1267,1.902,1.5356,1.9579,1,1.8361,0,2.1501,1.219,2.044,2.3534,0.89875,1.6236,1.8634,2.4223,1.3445,2.1501,0,1.6338,1.4212,1.0613,1.6079,0.33214,1.3824,1.7953,0.69711,1.219,1.6338,0
0,1.0731,1.1261,0.15072,0.38928,1.0664,1.462,1.7235,2.2799,1.0802,1.0731,0,1.536,1.1998,1.1531,1,1.0477,1.4597,2.0867,1.4218,1.1261,1.536,0,1.0614,0.7834,1.1659,1.0665,1.3192,1.4415,0.38149,0.15072,1.1998,1.0614,0,0.35573,1.1372,1.4968,1.7677,2.2826,1.0227,0.38928,1.1531,0.7834,0.35573,0,0.86777,1.3116,1.4408,1.9373,0.83721,1.0664,1,1.1659,1.1372,0.86777,0,1.3065,0.74509,1.5143,1.324,1.462,1.0477,1.0665,1.4968,1.3116,1.3065,0,1.3296,1.4915,0.88425,1.7235,1.4597,1.3192,1.7677,1.4408,0.74509,1.3296,0,0.86046,1.5323,2.2799,2.0867,1.4415,2.2826,1.9373,1.5143,1.4915,0.86046,0,1.6592,1.0802,1.4218,0.38149,1.0227,0.83721,1.324,0.88425,1.5323,1.6592,0
0,2.488,1.3617,1.4735,0.68258,2.4039,1.3128,2.6419,2.6865,1.5129,2.488,0,2.5177,1.8185,2.8322,1.0223,3.0068,2.2799,3.0317,2.6104,1.3617,2.5177,0,2.3084,1.6851,1.9087,1.6894,2.791,1.7693,2.1626,1.4735,1.8185,2.3084,0,1.4815,2.2842,1.7637,1.6965,2.9391,1.0931,0.68258,2.8322,1.6851,1.4815,0,2.8289,0.79463,2.405,2.6046,1.0932,2.4039,1.0223,1.9087,2.2842,2.8289,0,2.9136,2.6057,2.4935,2.791,1.3128,3.0068,1.6894,1.7637,0.79463,2.9136,0,2.0489,2.0324,0.90736,2.6419,2.2799,2.791,1.6965,2.405,2.6057,2.0489,0,2.2651,1.4815,2.6865,3.0317,1.7693,2.9391,2.6046,2.4935,2.0324,2.2651,0,2.4112,1.5129,2.6104,2.1626,1.0931,1.0932,2.791,0.90736,1.4815,2.4112,0
0,2.7842,2.6027,1.7407,1.2106,2.6042,0.68694,2.4046,2.1218,2.0497,2.7842,0,2.5403,2.3352,1.7262,1.8587,2.2596,1.2079,2.1103,1.8867,2.6027,2.5403,0,2.82,2.425,2.109,2.3341,2.9469,1.0328,2.3277,1.7407,2.3352,2.82,0,1.5512,1.7541,1.1857,1.4248,1.8456,0.78567,1.2106,1.7262,2.425,1.5512,0,1.8513,0.9306,1.5702,1.8868,1.6566,2.6042,1.8587,2.109,1.7541,1.8513,0,2.1106,1.8569,1.4411,1.4257,0.68694,2.2596,2.3341,1.1857,0.9306,2.1106,0,1.7833,1.6566,1.3829,2.4046,1.2079,2.9469,1.4248,1.5702,1.8569,1.7833,0,2.1354,1.1776,2.1218,2.1103,1.0328,1.8456,1.8868,1.4411,1.6566,2.1354,0,1.3207,2.0497,1.8867,2.3277,0.78567,1.6566,1.4257,1.3829,1.1776,1.3207,0
0,1.8627,1.6773,1.0611,0.69783,1.9528,0.63642,1.9528,1.307,0.67056,1.8627,0,1.8595,1.6308,2.1249,1.2882,2.0584,0.68958,1.7056,1.5715,1.6773,1.8595,0,2.1875,1.9741,1.8595,1.8609,2.4052,0.41003,1.5678,1.0611,1.6308,2.1875,0,1.2788,2.2593,1.4215,1.4351,1.8492,0.75158,0.69783,2.1249,1.9741,1.2788,0,1.9562,1.267,2.2129,1.5678,1.2074,1.9528,1.2882,1.8595,2.2593,1.9562,0,2.197,1.752,1.6813,2.0837,0.63642,2.0584,1.8609,1.4215,1.267,2.197,0,2.1125,1.5775,0.93425,1.9528,0.68958,2.4052,1.4351,2.2129,1.752,2.1125,0,2.1939,1.6355,1.307,1.7056,0.41003,1.8492,1.5678,1.6813,1.5775,2.1939,0,1.2593,0.67056,1.5715,1.5678,0.75158,1.2074,2.0837,0.93425,1.6355,1.2593,0
0,1.65,1.3618,1.3166,0.69307,1.9004,0.92439,2.1078,1.6376,1.6886,1.65,0,2.0172,1.4584,1.7528,1.1971,1.756,0.65815,2.3279,1.3606,1.3618,2.0172,0,2.2736,1.0064,1.536,1.421,2.2521,1.0045,2.3978,1.3166,1.4584,2.2736,0,1.3858,1.8329,1.0615,1.6533,2.0953,0.51871,0.69307,1.7528,1.0064,1.3858,0,1.5382,0.47202,2.0179,0.95939,1.6146,1.9004,1.1971,1.536,1.8329,1.5382,0,1.5441,0.96011,1.559,1.6098,0.92439,1.756,1.421,1.0615,0.47202,1.5441,0,1.9322,1.0835,1.2624,2.1078,0.65815,2.2521,1.6533,2.0179,0.96011,1.9322,0,2.3692,1.3466,1.6376,2.3279,1.0045,2.0953,0.95939,1.559,1.0835,2.3692,0,2.1478,1.6886,1.3606,2.3978,0.51871,1.6146,1.6098,1.2624,1.3466,2.1478,0
0,2.9665,1.7063,1.1971,0.6447,2.5933,0.32263,2.3722,1.8041,0.81451,2.9665,0,2.5417,2.3608,3.1823,1.8426,2.7929,1.0069,3.0211,2.3367,1.7063,2.5417,0,1.812,1.4502,1.9146,1.6471,2.0652,0.87879,1.8426,1.1971,2.3608,1.812,0,1.6881,1.6328,1.3088,1.5011,2.3797,0.659,0.6447,3.1823,1.4502,1.6881,0,2.8162,0.63101,2.6747,1.293,1.361,2.5933,1.8426,1.9146,1.6328,2.8162,0,2.6077,1,2.7588,2.0965,0.32263,2.7929,1.6471,1.3088,0.63101,2.6077,0,2.2946,1.6714,0.81564,2.3722,1.0069,2.0652,1.5011,2.6747,1,2.2946,0,2.7341,1.6997,1.8041,3.0211,0.87879,2.3797,1.293,2.7588,1.6714,2.7341,0,2.188,0.81451,2.3367,1.8426,0.659,1.361,2.0965,0.81564,1.6997,2.188,0
0,1.9133,1.2632,1.3433,0.64935,2.3163,0.59864,1.6209,1.6312,1.1131,1.9133,0,2.2056,1.9539,2.1082,1.2738,1.4712,0.36338,2.3002,1.2529,1.2632,2.2056,0,1.6068,1.0775,2.3887,1.5241,1.9982,0.40135,1.6238,1.3433,1.9539,1.6068,0,1.8559,2.8891,1.0559,1.6093,1.8955,0.75487,0.64935,2.1082,1.0775,1.8559,0,2.1424,1.1502,1.8947,1.3752,1.603,2.3163,1.2738,2.3887,2.8891,2.1424,0,2.1693,1.5065,2.3669,2.2215,0.59864,1.4712,1.5241,1.0559,1.1502,2.1693,0,1.1384,1.8505,0.58568,1.6209,0.36338,1.9982,1.6093,1.8947,1.5065,1.1384,0,2.1431,0.89355,1.6312,2.3002,0.40135,1.8955,1.3752,2.3669,1.8505,2.1431,0,1.8891,1.1131,1.2529,1.6238,0.75487,1.603,2.2215,0.58568,0.89355,1.8891,0
0,2.2759,1.3686,1.1871,1.0261,2.2487,0.669,1.7161,1.0479,1.4328,2.2759,0,2.0213,1.7566,2.1239,1.0811,2.5516,1.4184,2.345,2.045,1.3686,2.0213,0,1.7566,0.81418,1.7539,2.0001,2.1381,1.384,2.319,1.1871,1.7566,1.7566,0,1.1663,2.2127,1.4442,1.7586,2.0227,1.2314,1.0261,2.1239,0.81418,1.1663,0,2.1392,1.6537,2.1716,1.6288,1.9277,2.2487,1.0811,1.7539,2.2127,2.1392,0,2.5419,1.3246,1.9024,2.1716,0.669,2.5516,2.0001,1.4442,1.6537,2.5419,0,1.6597,1.2662,1.2031,1.7161,1.4184,2.1381,1.7586,2.1716,1.3246,1.6597,0,1.5718,1.2126,1.0479,2.345,1.384,2.0227,1.6288,1.9024,1.2662,1.5718,0,1.9113,1.4328,2.045,2.319,1.2314,1.9277,2.1716,1.2031,1.2126,1.9113,0
0,1.8844,2.3603,1.5809,0.82489,2.2266,1.2244,2.3564,2.8589,2.1337,1.8844,0,2.0413,1.4577,1.4529,1.7637,2.2944,1.0848,2.5501,2.1372,2.3603,2.0413,0,2.1047,1.9119,0.71105,2.4843,2.2211,1.4179,1.9646,1.5809,1.4577,2.1047,0,0.89638,1.739,1.5812,1.2249,2.6783,1.0824,0.82489,1.4529,1.9119,0.89638,0,1.7632,0.98259,1.6295,2.3458,1.3691,2.2266,1.7637,0.71105,1.739,1.7632,0,2.5318,1.9894,2.027,1.8849,1.2244,2.2944,2.4843,1.5812,0.98259,2.5318,0,2.2265,2.4659,1.5146,2.3564,1.0848,2.2211,1.2249,1.6295,1.9894,2.2265,0,2.4359,1.5432,2.8589,2.5501,1.4179,2.6783,2.3458,2.027,2.4659,2.4359,0,2.1337,2.1337,2.1372,1.9646,1.0824,1.3691,1.8849,1.5146,1.5432,2.1337,0
0,2.0816,2.2636,1.8257,0.63555,2.406,1.7506,2.4746,2.3592,2.3094,2.0816,0,1.5909,2.0272,1.7891,1.3249,2.7294,1.7996,2.5391,2.0168,2.2636,1.5909,0,2.4093,1.6699,1.6621,2.2321,2.0639,1.4419,1.9397,1.8257,2.0272,2.4093,0,1.7634,2.663,2.1102,1.4439,2.0968,1.1844,0.63555,1.7891,1.6699,1.7634,0,1.9741,1.4369,2.1248,1.8902,1.9465,2.406,1.3249,1.6621,2.663,1.9741,0,2.3841,1.848,2.8216,2.1883,1.7506,2.7294,2.2321,2.1102,1.4369,2.3841,0,2.0168,2.0168,1.7514,2.4746,1.7996,2.0639,1.4439,2.1248,1.848,2.0168,0,2.2636,0.63463,2.3592,2.5391,1.4419,2.0968,1.8902,2.8216,2.0168,2.2636,0,1.7547,2.3094,2.0168,1.9397,1.1844,1.9465,2.1883,1.7514,0.63463,1.7547,0
0,1.1766,1.7098,1.0759,0.76119,1.422,1.011,1.5932,2.302,1.9115,1.1766,0,2.1557,1.6533,1.9122,0.43933,2.1582,1.2317,2.9259,2.6329,1.7098,2.1557,0,2.2557,1.6061,2.2851,1.9814,2.2796,1.2799,2.5883,1.0759,1.6533,2.2557,0,1.2132,2.0547,1.1515,1.2201,2.2851,1.0271,0.76119,1.9122,1.6061,1.2132,0,2.1579,0.41431,2.0485,1.9122,1.6298,1.422,0.43933,2.2851,2.0547,2.1579,0,2.4314,1.6461,3.1978,3.0375,1.011,2.1582,1.9814,1.1515,0.41431,2.4314,0,2.185,2.094,1.4222,1.5932,1.2317,2.2796,1.2201,2.0485,1.6461,2.185,0,2.4944,1.9261,2.302,2.9259,1.2799,2.2851,1.9122,3.1978,2.094,2.4944,0,2.0734,1.9115,2.6329,2.5883,1.0271,1.6298,3.0375,1.4222,1.9261,2.0734,0
0,2.2342,1.6889,0.84835,0.55049,2.0451,1.2182,2.4403,1.8563,1.581,2.2342,0,2.0711,1.7528,1.7236,1.1033,2.4214,1.4432,2.2296,1.9979,1.6889,2.0711,0,1.2491,1.4381,1.3525,1.8137,1.9608,0.69047,1.6001,0.84835,1.7528,1.2491,0,0.43822,1.6821,0.82712,1.6224,1.2102,0.81933,0.55049,1.7236,1.4381,0.43822,0,1.6392,1.1078,1.92,1.5678,1.2245,2.0451,1.1033,1.3525,1.6821,1.6392,0,2.4866,1.9201,1.8054,2.1516,1.2182,2.4214,1.8137,0.82712,1.1078,2.4866,0,1.8786,1.4962,0.69572,2.4403,1.4432,1.9608,1.6224,1.92,1.9201,1.8786,0,1.639,1.2038,1.8563,2.2296,0.69047,1.2102,1.5678,1.8054,1.4962,1.639,0,1.1757,1.581,1.9979,1.6001,0.81933,1.2245,2.1516,0.69572,1.2038,1.1757,0
0,1.8648,1.5467,1.5607,0.51927,1.8418,0.89402,1.8536,2.116,1.4278,1.8648,0,2.134,2.496,2.1761,1.5057,1.9814,0.67452,2.666,2.4157,1.5467,2.134,0,2.0096,1.5622,1.8549,0.8501,1.7656,0.6598,1.8852,1.5607,2.496,2.0096,0,1.1317,1.3801,1.5102,2.1345,2.4762,0.24253,0.51927,2.1761,1.5622,1.1317,0,1.7666,0.86357,2.0292,2.0955,1,1.8418,1.5057,1.8549,1.3801,1.7666,0,1.7043,1.0034,2.3831,1.3958,0.89402,1.9814,0.8501,1.5102,0.86357,1.7043,0,1.7105,1.3261,1.3261,1.8536,0.67452,1.7656,2.1345,2.0292,1.0034,1.7105,0,2.2653,2.0595,2.116,2.666,0.6598,2.4762,2.0955,2.3831,1.3261,2.2653,0,2.3404,1.4278,2.4157,1.8852,0.24253,1,1.3958,1.3261,2.0595,2.3404,0
