0,2.3079,1.917,1.602,1.2105,1.5575,0.35251,2.0162,1.5718,1.1724,2.3079,0,2.6497,1.9765,1.708,1.8238,2.1322,1.7483,2.355,2.08,1.917,2.6497,0,1.7049,1.7483,2.6518,1.6355,2.0141,1.231,2.2998,1.602,1.9765,1.7049,0,1.5595,2.0804,1.5187,1.5899,2.1098,1.1763,1.2105,1.708,1.7483,1.5595,0,2.08,0.97729,2.1948,1.7213,1.8254,1.5575,1.8238,2.6518,2.0804,2.08,0,1.5772,1.3174,1.8629,1.2196,0.35251,2.1322,1.6355,1.5187,0.97729,1.5772,0,1.8783,1.2941,1.2941,2.0162,1.7483,2.0141,1.5899,2.1948,1.3174,1.8783,0,1.6564,1.4549,1.5718,2.355,1.231,2.1098,1.7213,1.8629,1.2941,1.6564,0,2.0814,1.1724,2.08,2.2998,1.1763,1.8254,1.2196,1.2941,1.4549,2.0814,0
0,1.3923,1.6335,1.3945,0.54881,1.4121,1.2966,1.7306,1.716,1.0598,1.3923,0,1.3666,1.3005,1.6354,0.83138,2.0783,0.97923,1.8075,1.5057,1.6335,1.3666,0,1.6552,1.5056,1.1255,2.3091,1.5056,1.123,1.9338,1.3945,1.3005,1.6552,0,1.5196,0.97188,2.0814,1.7987,2.0488,1.1998,0.54881,1.6354,1.5056,1.5196,0,1.3945,1.716,2.058,1.7925,1.4911,1.4121,0.83138,1.1255,0.97188,1.3945,0,2.402,1.6203,1.9416,1.7216,1.2966,2.0783,2.3091,2.0814,1.716,2.402,0,1.7672,1.6643,0.93722,1.7306,0.97923,1.5056,1.7987,2.058,1.6203,1.7672,0,1.3189,1.4571,1.716,1.8075,1.123,2.0488,1.7925,1.9416,1.6643,1.3189,0,1.6552,1.0598,1.5057,1.9338,1.1998,1.4911,1.7216,0.93722,1.4571,1.6552,0
0,2.0646,1.7849,1.4196,0.45958,2.2683,1.1687,2.4788,1.8397,1.6476,2.0646,0,2.046,1.301,1.6159,0.82018,1.7377,0.76659,1.8026,1.27,1.7849,2.046,0,2.4388,1.5556,2.2881,1.4225,2.0262,0.30159,2.058,1.4196,1.301,2.4388,0,1.172,1.7364,1.4196,1.7776,2.3309,0.90793,0.45958,1.6159,1.5556,1.172,0,1.8493,0.98555,2.04,1.5442,1.3507,2.2683,0.82018,2.2881,1.7364,1.8493,0,2.3048,1.4696,2.036,1.9961,1.1687,1.7377,1.4225,1.4196,0.98555,2.3048,0,1.7776,1.4449,0.90876,2.4788,0.76659,2.0262,1.7776,2.04,1.4696,1.7776,0,1.7776,1.3148,1.8397,1.8026,0.30159,2.3309,1.5442,2.036,1.4449,1.7776,0,1.957,1.6476,1.27,2.058,0.90793,1.3507,1.9961,0.90876,1.3148,1.957,0
0,2.2631,1.6356,1.3024,0.74907,2.2154,0.57596,1.6007,1.4992,0.87139,2.2631,0,2.1495,2.1281,2.3341,1.485,2.4742,1.0869,2.3451,1.6307,1.6356,2.1495,0,1.6338,1.1982,1.9027,1.6396,1.9205,0.79936,1.6815,1.3024,2.1281,1.6338,0,1.694,2.2654,1.6175,1.9671,2.0328,0.85119,0.74907,2.3341,1.1982,1.694,0,2.1495,0.74048,1.6913,0.87958,1.3518,2.2154,1.485,1.9027,2.2654,2.1495,0,2.0634,1.0324,1.8021,1.9537,0.57596,2.4742,1.6396,1.6175,0.74048,2.0634,0,1.6307,1.2802,1.2881,1.6007,1.0869,1.9205,1.9671,1.6913,1.0324,1.6307,0,1.7698,1.3132,1.4992,2.3451,0.79936,2.0328,0.87958,1.8021,1.2802,1.7698,0,1.846,0.87139,1.6307,1.6815,0.85119,1.3518,1.9537,1.2881,1.3132,1.846,0
0,2.5836,1.4606,1.5678,0.39969,2.4871,1.0644,2.708,1.8742,2.1243,2.5836,0,2.1243,2.063,2.3612,0.43034,2.4572,0.9157,2.2926,1.8295,1.4606,2.1243,0,2.4528,1.627,2.041,1.4884,2.1978,0.67781,2.3479,1.5678,2.063,2.4528,0,1.1683,2.0459,1.7931,2.2772,2.787,1.532,0.39969,2.3612,1.627,1.1683,0,2.2772,1.1015,2.5139,2.0325,1.8742,2.4871,0.43034,2.041,2.0459,2.2772,0,2.5364,1.3191,2.326,2.1,1.0644,2.4572,1.4884,1.7931,1.1015,2.5364,0,2.2082,1.4877,1.4604,2.708,0.9157,2.1978,2.2772,2.5139,1.3191,2.2082,0,2.1,1.3559,1.8742,2.2926,0.67781,2.787,2.0325,2.326,1.4877,2.1,0,2.2869,2.1243,1.8295,2.3479,1.532,1.8742,2.1,1.4604,1.3559,2.2869,0
0,2.0254,1.3966,1.4473,1.3161,1.7592,1.3554,2.2747,2.2588,2.0236,2.0254,0,1.7177,0.96473,1.6529,1.3574,2.3392,0.54488,1.7659,1.686,1.3966,1.7177,0,1.3166,2.0939,1.4255,1.1998,1.9697,1.6533,1.9951,1.4473,0.96473,1.3166,0,1.4474,1.5007,1.6643,1.0463,1.7991,1.0637,1.3161,1.6529,2.0939,1.4474,0,2.1929,1.9528,1.9877,1.9695,1.7263,1.7592,1.3574,1.4255,1.5007,2.1929,0,2.4102,1.4473,2.4703,2.4938,1.3554,2.3392,1.1998,1.6643,1.9528,2.4102,0,2.6139,1.6773,1.7264,2.2747,0.54488,1.9697,1.0463,1.9877,1.4473,2.6139,0,2.2088,1.7219,2.2588,1.7659,1.6533,1.7991,1.9695,2.4703,1.6773,2.2088,0,1.8915,2.0236,1.686,1.9951,1.0637,1.7263,2.4938,1.7264,1.7219,1.8915,0
0,1.3268,1.1916,1.3203,0.94464,0.89668,1.5556,0.84823,1.3757,1.4006,1.3268,0,0.90514,1.3488,1.5223,1.0204,1.5264,1.3187,1.5902,1.6566,1.1916,0.90514,0,1.1039,1.3417,0.89418,1.3929,1,0.81216,1.5033,1.3203,1.3488,1.1039,0,1.5303,0.50978,1.3541,1.5902,1.2365,1.1224,0.94464,1.5223,1.3417,1.5303,0,1.1129,0.86387,0.58674,1.1538,0.8837,0.89668,1.0204,0.89418,0.50978,1.1129,0,1.1224,1.1608,1.1224,0.94697,1.5556,1.5264,1.3929,1.3541,0.86387,1.1224,0,1.1942,1.1532,0.50979,0.84823,1.3187,1,1.5902,0.58674,1.1608,1.1942,0,0.98655,1.3113,1.3757,1.5902,0.81216,1.2365,1.1538,1.1224,1.1532,0.98655,0,1.2365,1.4006,1.6566,1.5033,1.1224,0.8837,0.94697,0.50979,1.3113,1.2365,0
0,2.3047,1.8725,1.1861,0.70865,2.8869,0.69674,2.4793,1.7697,1.5967,2.3047,0,2.5479,1.1797,2.0562,1.1634,2.1325,0.31265,1.8835,1.7556,1.8725,2.5479,0,2.1206,1.9917,2.6425,1.6064,2.8491,0.77493,1.7127,1.1861,1.1797,2.1206,0,0.93536,1.8775,1.2572,1.3281,1.5961,1.4673,0.70865,2.0562,1.9917,0.93536,0,2.4433,1.2408,2.2289,1.6532,1.9359,2.8869,1.1634,2.6425,1.8775,2.4433,0,2.834,1.3189,1.8813,2.5767,0.69674,2.1325,1.6064,1.2572,1.2408,2.834,0,2.3257,1.5936,0.95669,2.4793,0.31265,2.8491,1.3281,2.2289,1.3189,2.3257,0,2.1912,1.9457,1.7697,1.8835,0.77493,1.5961,1.6532,1.8813,1.5936,2.1912,0,1.6111,1.5967,1.7556,1.7127,1.4673,1.9359,2.5767,0.95669,1.9457,1.6111,0
0,2.1005,2.1982,1.1396,0.85098,1.9357,1.3515,2.0472,2.2385,1.6933,2.1005,0,2.6763,1.64,2.2468,1.6284,2.417,2.0278,2.4825,1.8472,2.1982,2.6763,0,2.0695,2.203,1.983,1.1799,1.5492,0.83319,1.41,1.1396,1.64,2.0695,0,1.7227,1.7124,1.4428,1.2998,1.749,1.1405,0.85098,2.2468,2.203,1.7227,0,2.3097,1.3131,2.5299,2.5169,1.7784,1.9357,1.6284,1.983,1.7124,2.3097,0,2.2007,1.2852,1.6933,2.0402,1.3515,2.417,1.1799,1.4428,1.3131,2.2007,0,1.7864,1.4894,0.92785,2.0472,2.0278,1.5492,1.2998,2.5299,1.2852,1.7864,0,0.83039,1.4386,2.2385,2.4825,0.83319,1.749,2.5169,1.6933,1.4894,0.83039,0,1.3665,1.6933,1.8472,1.41,1.1405,1.7784,2.0402,0.92785,1.4386,1.3665,0
0,2.5738,1.2688,1.6767,0.39063,2.1695,0.40783,1.5057,1.249,1.1256,2.5738,0,1.9665,1.6934,2.3174,1.0346,2.4775,1.1226,1.3987,2.0534,1.2688,1.9665,0,2.0708,0.8806,1.1517,1.5114,0.93435,0.74836,1.8123,1.6767,1.6934,2.0708,0,1.6947,2.0719,1.3459,1.3661,1.3749,0.60333,0.39063,2.3174,0.8806,1.6947,0,1.8146,0.68236,1.21,0.9448,1.23,2.1695,1.0346,1.1517,2.0719,1.8146,0,2.2429,0.78432,0.97797,2.1482,0.40783,2.4775,1.5114,1.3459,0.68236,2.2429,0,1.5034,1.2787,0.7604,1.5057,1.1226,0.93435,1.3661,1.21,0.78432,1.5034,0,0.30881,1.369,1.249,1.3987,0.74836,1.3749,0.9448,0.97797,1.2787,0.30881,0,1.2563,1.1256,2.0534,1.8123,0.60333,1.23,2.1482,0.7604,1.369,1.2563,0
0,3.057,2.3133,1.3912,0.33523,3.8393,0.78978,2.7842,2.1523,1.274,3.057,0,2.8609,1.8956,3.2837,1.5393,2.5015,0.37606,3.3857,1.8598,2.3133,2.8609,0,2.6497,2.2141,2.5591,1.6155,2.8643,0.65875,2.3807,1.3912,1.8956,2.6497,0,1.6953,3.0772,1.2743,1.5565,2.8321,0.27087,0.33523,3.2837,2.2141,1.6953,0,3.9594,0.86403,3.0311,1.9683,1.5535,3.8393,1.5393,2.5591,3.0772,3.9594,0,3.096,1.8728,3.2094,2.9301,0.78978,2.5015,1.6155,1.2743,0.86403,3.096,0,2.2929,1.6199,1.0367,2.7842,0.37606,2.8643,1.5565,3.0311,1.8728,2.2929,0,3.3381,1.5506,2.1523,3.3857,0.65875,2.8321,1.9683,3.2094,1.6199,3.3381,0,2.5686,1.274,1.8598,2.3807,0.27087,1.5535,2.9301,1.0367,1.5506,2.5686,0
0,1.5072,0.56609,1.2718,0.78572,2.1181,1.1203,1.8671,0.96914,1.3987,1.5072,0,1.6697,1.8087,2.1528,1.6209,1.903,1.1015,1.9463,1.7194,0.56609,1.6697,0,1.5101,1.0764,1.9854,0.6518,1.7091,0.5234,1.2934,1.2718,1.8087,1.5101,0,1.0944,2.4299,1.6189,1.9418,1.4824,0.95965,0.78572,2.1528,1.0764,1.0944,0,2.6799,1.4299,2.4273,1.1964,1.5161,2.1181,1.6209,1.9854,2.4299,2.6799,0,2.1659,1.2697,2.1882,2.223,1.1203,1.903,0.6518,1.6189,1.4299,2.1659,0,1.6125,0.27058,1.022,1.8671,1.1015,1.7091,1.9418,2.4273,1.2697,1.6125,0,1.7389,1.398,0.96914,1.9463,0.5234,1.4824,1.1964,2.1882,0.27058,1.7389,0,1.036,1.3987,1.7194,1.2934,0.95965,1.5161,2.223,1.022,1.398,1.036,0
0,1.4509,1.5073,0.79764,0.50442,2.0727,1.4509,2.1449,1.8088,1.3841,1.4509,0,1.9991,1.1181,1.731,0.67865,2.2484,1.3807,2.2798,2.068,1.5073,1.9991,0,2.1244,1.9862,2.4989,2.6372,2.577,1.7396,2.49,0.79764,1.1181,2.1244,0,0.77625,1.6931,1.2792,1.7142,2.0488,1.1885,0.50442,1.731,1.9862,0.77625,0,2.3165,1.2428,2.3666,2.0984,1.2659,2.0727,0.67865,2.4989,1.6931,2.3165,0,2.8641,1.7253,2.9063,2.6916,1.4509,2.2484,2.6372,1.2792,1.2428,2.8641,0,2.1013,1.7621,0.27227,2.1449,1.3807,2.577,1.7142,2.3666,1.7253,2.1013,0,1.8448,1.8473,1.8088,2.2798,1.7396,2.0488,2.0984,2.9063,1.7621,1.8448,0,1.5532,1.3841,2.068,2.49,1.1885,1.2659,2.6916,0.27227,1.8473,1.5532,0
0,2.6096,1.573,1.8941,0.81755,2.1613,0.59007,2.2907,1.9161,1.5764,2.6096,0,2.6805,1.4673,2.1417,1.3094,2.5056,0.77779,2.8265,1.8669,1.573,2.6805,0,2.487,1.9699,2.0697,1.4992,2.2283,0.80619,2.1178,1.8941,1.4673,2.487,0,1.7348,2.1419,1.5867,1.0681,2.412,0.59123,0.81755,2.1417,1.9699,1.7348,0,1.6476,1.1982,2.0619,2.4153,1.6816,2.1613,1.3094,2.0697,2.1419,1.6476,0,2.3014,1.5786,2.5626,2.2986,0.59007,2.5056,1.4992,1.5867,1.1982,2.3014,0,2.034,1.5856,1.1418,2.2907,0.77779,2.2283,1.0681,2.0619,1.5786,2.034,0,2.198,1.3018,1.9161,2.8265,0.80619,2.412,2.4153,2.5626,1.5856,2.198,0,1.9565,1.5764,1.8669,2.1178,0.59123,1.6816,2.2986,1.1418,1.3018,1.9565,0
0,2.0861,1.7297,1.3968,0.51427,2.2189,0.98919,1.8869,1.7426,1.4077,2.0861,0,2.2165,2.8229,2.3199,1.0672,1.9739,0.90311,1.569,2.228,1.7297,2.2165,0,2.6381,1.4277,2.4393,1.2602,2.2194,0.92772,1.8016,1.3968,2.8229,2.6381,0,1.7115,3.1447,1.4346,2.3073,2.4068,1.1857,0.51427,2.3199,1.4277,1.7115,0,2.3732,1.0289,2.1582,1.6899,1.5511,2.2189,1.0672,2.4393,3.1447,2.3732,0,2.3077,1.2535,1.9636,2.6035,0.98919,1.9739,1.2602,1.4346,1.0289,2.3077,0,1.6035,1.0258,0.638,1.8869,0.90311,2.2194,2.3073,2.1582,1.2535,1.6035,0,1.4271,1.6485,1.7426,1.569,0.92772,2.4068,1.6899,1.9636,1.0258,1.4271,0,1.378,1.4077,2.228,1.8016,1.1857,1.5511,2.6035,0.638,1.6485,1.378,0
0,2.9148,1.6563,1.5986,0.18334,3.1044,1.2107,3.0136,2.7379,1.9736,2.9148,0,3.0816,3.0816,2.7686,0.47697,3.2398,1.5181,2.9437,3.1089,1.6563,3.0816,0,2.15,1.583,3.3661,1.1755,3.0047,1.3734,2.1591,1.5986,3.0816,2.15,0,1.5542,3.3575,1.1221,2.3712,2.5487,0.5091,0.18334,2.7686,1.583,1.5542,0,2.9755,1.1898,2.8725,2.6222,1.9136,3.1044,0.47697,3.3661,3.3575,2.9755,0,3.5107,1.8179,3.2821,3.4051,1.2107,3.2398,1.1755,1.1221,1.1898,3.5107,0,2.8289,1.9844,1.2322,3.0136,1.5181,3.0047,2.3712,2.8725,1.8179,2.8289,0,2.4998,2.1955,2.7379,2.9437,1.3734,2.5487,2.6222,3.2821,1.9844,2.4998,0,2.2911,1.9736,3.1089,2.1591,0.5091,1.9136,3.4051,1.2322,2.1955,2.2911,0
0,2.1351,1.6362,1.3184,0.67139,2.5959,1.2045,2.0897,1.7506,0.87132,2.1351,0,2.4168,1.2849,2.1705,1.5683,1.8796,0.83508,2.3764,1.3101,1.6362,2.4168,0,2.3628,1.7422,1.874,0.88949,2.1095,0.92956,1.7842,1.3184,1.2849,2.3628,0,1.2044,2.2421,1.8515,1.3275,2.154,0.84645,0.67139,2.1705,1.7422,1.2044,0,2.4455,1.5654,1.904,1.4871,1.1616,2.5959,1.5683,1.874,2.2421,2.4455,0,1.9471,1.0142,1.6247,2.1241,1.2045,1.8796,0.88949,1.8515,1.5654,1.9471,0,1.8574,1.4832,1.0953,2.0897,0.83508,2.1095,1.3275,1.904,1.0142,1.8574,0,1.7921,1.4832,1.7506,2.3764,0.92956,2.154,1.4871,1.6247,1.4832,1.7921,0,1.9078,0.87132,1.3101,1.7842,0.84645,1.1616,2.1241,1.0953,1.4832,1.9078,0
0,2.0688,1.9436,1.8646,1.4121,2.2978,1.1032,2.0688,1.7648,1.2604,2.0688,0,2.3286,1.811,2.6752,1.2436,2.2616,1.786,2.0285,1.744,1.9436,2.3286,0,1.8162,2.1004,1.826,1.3551,1.6666,0.49933,1.744,1.8646,1.811,1.8162,0,2.2355,1.8522,1.6841,1.1941,1.7151,0.89315,1.4121,2.6752,2.1004,2.2355,0,2.2477,0.89421,1.811,2.1905,2.0104,2.2978,1.2436,1.826,1.8522,2.2477,0,1.8958,1.1051,1.747,2.013,1.1032,2.2616,1.3551,1.6841,0.89421,1.8958,0,1.5234,1.3671,1.3395,2.0688,1.786,1.6666,1.1941,1.811,1.1051,1.5234,0,1.7568,1.6716,1.7648,2.0285,0.49933,1.7151,2.1905,1.747,1.3671,1.7568,0,1.4767,1.2604,1.744,1.744,0.89315,2.0104,2.013,1.3395,1.6716,1.4767,0
0,2.0685,1.7139,1.5134,0.40558,2.587,1.6391,2.3859,1.9681,1.82,2.0685,0,2.1748,1.1359,2.3859,1.1332,1.9313,0.94239,1.9111,1.5175,1.7139,2.1748,0,2.3353,1.7797,1.8414,1.4709,2.0414,0.74179,1.9733,1.5134,1.1359,2.3353,0,1.8637,2.1103,1.5973,1.5118,2.1569,1.1263,0.40558,2.3859,1.7797,1.8637,0,2.8207,1.92,2.7239,2.1648,2.177,2.587,1.1332,1.8414,2.1103,2.8207,0,2.1648,1.1338,1.5685,2.0378,1.6391,1.9313,1.4709,1.5973,1.92,2.1648,0,1.5118,1.0949,0.7287,2.3859,0.94239,2.0414,1.5118,2.7239,1.1338,1.5118,0,1.4954,1.1139,1.9681,1.9111,0.74179,2.1569,2.1648,1.5685,1.0949,1.4954,0,1.5207,1.82,1.5175,1.9733,1.1263,2.177,2.0378,0.7287,1.1139,1.5207,0
