0,1.6016,1.4497,1.3165,0.93901,2.4517,1.1022,2.1689,1.712,1.4396,1.6016,0,1.566,1.566,1.2092,1.2136,1.858,0.89606,2.1787,1.4584,1.4497,1.566,0,1.9321,1.6811,1.7611,1.4901,1.858,1.0361,1.7785,1.3165,1.566,1.9321,0,1.3824,2.0252,0.90432,1.6532,1.8741,0.89878,0.93901,1.2092,1.6811,1.3824,0,2.2428,1.3524,1.6685,1.9167,1.0277,2.4517,1.2136,1.7611,2.0252,2.2428,0,2.2716,0.89756,2.2615,1.9848,1.1022,1.858,1.4901,0.90432,1.3524,2.2716,0,1.9479,1.1048,0.90324,2.1689,0.89606,1.858,1.6532,1.6685,0.89756,1.9479,0,2.1619,1.3475,1.712,2.1787,1.0361,1.8741,1.9167,2.2615,1.1048,2.1619,0,1.5838,1.4396,1.4584,1.7785,0.89878,1.0277,1.9848,0.90324,1.3475,1.5838,0
0,1.4172,1.3358,0.93565,0.3508,1.424,0.66986,1.6108,1.0022,0.65225,1.4172,0,1.6687,1.5023,1.7372,0.77245,0.87186,0.27256,1.7417,0.94625,1.3358,1.6687,0,2.1982,1.3229,1.0267,1.5871,1.9365,0.4721,1.6584,0.93565,1.5023,2.1982,0,1.1891,1.9194,0.7353,1.5537,1.9248,0.64346,0.3508,1.7372,1.3229,1.1891,0,1.6426,1.0186,1.942,0.90527,0.99611,1.424,0.77245,1.0267,1.9194,1.6426,0,1.1851,1.0231,1.2636,1.2938,0.66986,0.87186,1.5871,0.7353,1.0186,1.1851,0,1.0165,1.426,0.18263,1.6108,0.27256,1.9365,1.5537,1.942,1.0231,1.0165,0,2.0019,1.0677,1.0022,1.7417,0.4721,1.9248,0.90527,1.2636,1.426,2.0019,0,1.4666,0.65225,0.94625,1.6584,0.64346,0.99611,1.2938,0.18263,1.0677,1.4666,0
0,1.8016,1.686,1.4676,0.8536,2.06,1.6335,2.5553,2.752,1.9583,1.8016,0,1.4851,1.074,2.1625,0.83619,2.0593,1.3035,2.0605,1.561,1.686,1.4851,0,1.9277,1.6451,1.4994,1.3575,2.4089,1.2265,2.0693,1.4676,1.074,1.9277,0,1.9252,1.8289,1.7832,1.648,2.6672,1.2969,0.8536,2.1625,1.6451,1.9252,0,2.4027,1.3062,2.6665,2.4727,1.8538,2.06,0.83619,1.4994,1.8289,2.4027,0,2.5176,1.8016,2.0605,2.2209,1.6335,2.0593,1.3575,1.7832,1.3062,2.5176,0,2.58,1.8918,1.6377,2.5553,1.3035,2.4089,1.648,2.6665,1.8016,2.58,0,2.4719,1.197,2.752,2.0605,1.2265,2.6672,2.4727,2.0605,1.8918,2.4719,0,2.2904,1.9583,1.561,2.0693,1.2969,1.8538,2.2209,1.6377,1.197,2.2904,0
0,1.8724,2.0049,1.4576,0.67574,2.6774,1.0604,2.3194,2.5257,1.8834,1.8724,0,2.1227,2.0312,1.7497,1.8852,2.3092,1.1864,2.499,2.3461,2.0049,2.1227,0,1.8188,1.3857,2.3446,1.5192,2.0125,0.95923,2.2404,1.4576,2.0312,1.8188,0,1.2728,2.5341,0.94235,1.6186,1.908,0.56864,0.67574,1.7497,1.3857,1.2728,0,2.2553,0.82525,2.0214,2.0213,1.7247,2.6774,1.8852,2.3446,2.5341,2.2553,0,2.8175,1.8212,2.9704,2.5813,1.0604,2.3092,1.5192,0.94235,0.82525,2.8175,0,2.2553,1.8264,1.4052,2.3194,1.1864,2.0125,1.6186,2.0214,1.8212,2.2553,0,2.0776,1.7496,2.5257,2.499,0.95923,1.908,2.0213,2.9704,1.8264,2.0776,0,2.2913,1.8834,2.3461,2.2404,0.56864,1.7247,2.5813,1.4052,1.7496,2.2913,0
0,1.8481,1.3111,1.1422,0.49712,2.1081,1.1351,2.52,1.9763,2.0335,1.8481,0,1.146,1.5258,2.1013,0.80115,2.7033,2.0666,2.5635,2.3186,1.3111,1.146,0,1.6519,1.7564,1.6307,1.931,2.0527,1.488,2.0335,1.1422,1.5258,1.6519,0,1.1674,1.7994,1.8724,2.1227,2.6692,1.7554,0.49712,2.1013,1.7564,1.1674,0,2.2374,1.3606,2.8559,2.4507,2.3235,2.1081,0.80115,1.6307,1.7994,2.2374,0,3.1433,2.8364,3.1152,3.0076,1.1351,2.7033,1.931,1.8724,1.3606,3.1433,0,2.5116,1.6886,1.7706,2.52,2.0666,2.0527,2.1227,2.8559,2.8364,2.5116,0,2.3659,0.94105,1.9763,2.5635,1.488,2.6692,2.4507,3.1152,1.6886,2.3659,0,2.1441,2.0335,2.3186,2.0335,1.7554,2.3235,3.0076,1.7706,0.94105,2.1441,0
0,0.966,0.98386,1.373,1.1644,1.0972,1.5541,1.5349,0.3966,1.6832,0.966,0,0.98582,1.3219,1.3476,1.5975,1.6744,1.5397,1.1707,1.4221,0.98386,0.98582,0,0.69448,0.50411,1.3118,1.4042,1.6846,0.88601,0.99388,1.373,1.3219,0.69448,0,0.84904,1.9151,1.9281,1.6986,1.3118,1.0111,1.1644,1.3476,0.50411,0.84904,0,1.4688,1.7285,2.1241,1.0758,1.4099,1.0972,1.5975,1.3118,1.9151,1.4688,0,0.82176,1.8847,0.84905,1.7703,1.5541,1.6744,1.4042,1.9281,1.7285,0.82176,0,1.6485,1.2866,1.3522,1.5349,1.5397,1.6846,1.6986,2.1241,1.8847,1.6485,0,1.4688,1.3556,0.3966,1.1707,0.88601,1.3118,1.0758,0.84905,1.2866,1.4688,0,1.5109,1.6832,1.4221,0.99388,1.0111,1.4099,1.7703,1.3522,1.3556,1.5109,0
0,1.142,1.2884,0.81235,1.0455,1.8775,1.4551,1.7656,1.5804,1.3567,1.142,0,1.8774,1.2536,1.9429,1.5179,1.8775,1.1812,2.1272,1.6693,1.2884,1.8774,0,1.6036,0.75878,1.6306,1.6235,1.9599,0.90705,2.0136,0.81235,1.2536,1.6036,0,1.4784,1.9132,0.84875,1.4364,1.6503,0.60604,1.0455,1.9429,0.75878,1.4784,0,1.8775,1.6658,2.1595,1.3128,1.9661,1.8775,1.5179,1.6306,1.9132,1.8775,0,2.1272,1.1875,2.1588,2.3365,1.4551,1.8775,1.6235,0.84875,1.6658,2.1272,0,1.5525,1.3322,0.77496,1.7656,1.1812,1.9599,1.4364,2.1595,1.1875,1.5525,0,2.018,1.6856,1.5804,2.1272,0.90705,1.6503,1.3128,2.1588,1.3322,2.018,0,1.8769,1.3567,1.6693,2.0136,0.60604,1.9661,2.3365,0.77496,1.6856,1.8769,0
0,1.8511,1.8316,1,0.42676,2.3019,0.95414,2.0731,2.0277,1.2783,1.8511,0,1.5577,1.7458,1.7775,0.94613,1.8415,1.3375,2.2609,2.102,1.8316,1.5577,0,2.0869,1.7683,1.5568,1.5541,1.1227,0.77262,1.8488,1,1.7458,2.0869,0,1.3261,2.521,0.77033,1.7521,2.3142,0.82054,0.42676,1.7775,1.7683,1.3261,0,2.0746,1.2623,2.1671,2.0277,1.6104,2.3019,0.94613,1.5568,2.521,2.0746,0,2.4472,1.8503,2.303,2.7683,0.95414,1.8415,1.5541,0.77033,1.2623,2.4472,0,1.4387,1.6104,0.41257,2.0731,1.3375,1.1227,1.7521,2.1671,1.8503,1.4387,0,1.5151,1.5474,2.0277,2.2609,0.77262,2.3142,2.0277,2.303,1.6104,1.5151,0,1.8207,1.2783,2.102,1.8488,0.82054,1.6104,2.7683,0.41257,1.5474,1.8207,0
0,3.4672,2.2726,1.3343,1.0222,3.121,1.3441,3.8104,3.7088,2.0313,3.4672,0,2.861,2.4799,3.4565,0.89639,4.0423,2.3914,3.8646,3.6086,2.2726,2.861,0,2.0373,1.4297,3.1306,2.2695,3.141,1.8667,2.2641,1.3343,2.4799,2.0373,0,1.6228,2.2695,1.6839,2.5107,3.1798,1.4974,1.0222,3.4565,1.4297,1.6228,0,3.3516,1.2821,3.7217,2.8941,1.9223,3.121,0.89639,3.1306,2.2695,3.3516,0,3.9046,2.794,4.3659,3.613,1.3441,4.0423,2.2695,1.6839,1.2821,3.9046,0,3.5848,3.0288,1.1076,3.8104,2.3914,3.141,2.5107,3.7217,2.794,3.5848,0,3.0185,2.6089,3.7088,3.8646,1.8667,3.1798,2.8941,4.3659,3.0288,3.0185,0,2.5412,2.0313,3.6086,2.2641,1.4974,1.9223,3.613,1.1076,2.6089,2.5412,0
0,1.8556,1.2881,0.5353,0.27964,2.4113,0.8905,2.1079,1.5631,1.1176,1.8556,0,0.9195,1.923,1.7975,1.0391,1.8072,1.4942,1.4937,2.0584,1.2881,0.9195,0,1.1521,1.3659,1.8019,1.4126,1.784,0.7846,1.6448,0.5353,1.923,1.1521,0,0.78659,2.6105,1.086,2.2735,1.2723,1.2401,0.27964,1.7975,1.3659,0.78659,0,2.2732,0.85949,1.9945,1.702,1.1076,2.4113,1.0391,1.8019,2.6105,2.2732,0,2.0415,1.0191,2.1435,2.2367,0.8905,1.8072,1.4126,1.086,0.85949,2.0415,0,1.4174,1.3946,0.32211,2.1079,1.4942,1.784,2.2735,1.9945,1.0191,1.4174,0,1.7982,1.4919,1.5631,1.4937,0.7846,1.2723,1.702,2.1435,1.3946,1.7982,0,1.4945,1.1176,2.0584,1.6448,1.2401,1.1076,2.2367,0.32211,1.4919,1.4945,0
0,2.1844,1.7003,1,0.4511,1.9479,1.0973,1.7795,1.7049,1.3751,2.1844,0,1.8753,1.7858,1.8062,1.5041,1.8478,1.0228,0.95219,1.2242,1.7003,1.8753,0,2.1849,1.6741,1.6741,1.4863,1.3739,0.93425,1.9501,1,1.7858,2.1849,0,0.64044,1.6632,1.1179,1.5361,1.7747,0.66716,0.4511,1.8062,1.6741,0.64044,0,1.6181,0.87722,1.4354,1.4661,0.93409,1.9479,1.5041,1.6741,1.6632,1.6181,0,0.93934,0.57027,1.3808,1.1534,1.0973,1.8478,1.4863,1.1179,0.87722,0.93934,0,1.0202,1.4445,1.0063,1.7795,1.0228,1.3739,1.5361,1.4354,0.57027,1.0202,0,0.86088,0.96723,1.7049,0.95219,0.93425,1.7747,1.4661,1.3808,1.4445,0.86088,0,1.3685,1.3751,1.2242,1.9501,0.66716,0.93409,1.1534,1.0063,0.96723,1.3685,0
0,1.8966,1.7001,1.6116,1.0379,2.3593,0.70781,2.4197,1.9724,1.4728,1.8966,0,2.1146,1.5368,2.3401,0.99166,2.1441,0.84604,2.7825,0.86156,1.7001,2.1146,0,1.8238,1.4939,1.9737,1.6233,2.3391,0.72512,1.9066,1.6116,1.5368,1.8238,0,1.3145,2.2126,1.2787,1.3955,2.3963,0.7292,1.0379,2.3401,1.4939,1.3145,0,2.7825,0.38442,2.5448,1.6848,1.6584,2.3593,0.99166,1.9737,2.2126,2.7825,0,2.6582,1.4262,2.5966,1.6853,0.70781,2.1441,1.6233,1.2787,0.38442,2.6582,0,2.4368,1.8743,1.4815,2.4197,0.84604,2.3391,1.3955,2.5448,1.4262,2.4368,0,3.0529,1.0168,1.9724,2.7825,0.72512,2.3963,1.6848,2.5966,1.8743,3.0529,0,2.5376,1.4728,0.86156,1.9066,0.7292,1.6584,1.6853,1.4815,1.0168,2.5376,0
0,1.1404,1.7894,1.0056,0.45917,1.892,1.3385,1.4902,2.0893,1.1496,1.1404,0,2.2188,1.1755,1.5342,1.4851,1.7908,0.51179,2.3153,1.0977,1.7894,2.2188,0,2.4875,1.6104,1.6085,1.8986,2.1253,0.44191,2.3491,1.0056,1.1755,2.4875,0,1.1933,2.4622,1.1327,1.511,2.7118,0.40791,0.45917,1.5342,1.6104,1.1933,0,2.1062,1.1493,1.8119,1.9652,1.307,1.892,1.4851,1.6085,2.4622,2.1062,0,2.5155,1.2599,1.5029,2.3145,1.3385,1.7908,1.8986,1.1327,1.1493,2.5155,0,1.8753,2.117,0.96191,1.4902,0.51179,2.1253,1.511,1.8119,1.2599,1.8753,0,2.1253,1.3028,2.0893,2.3153,0.44191,2.7118,1.9652,1.5029,2.117,2.1253,0,2.521,1.1496,1.0977,2.3491,0.40791,1.307,2.3145,0.96191,1.3028,2.521,0
0,1.5099,1.0131,1.1312,0.52388,3.4434,1.0442,1.5897,1.4364,1.4463,1.5099,0,2.0838,1.1314,1.8111,2.0839,2.3114,1.3635,2.6473,1.8282,1.0131,2.0838,0,2.0982,1.2117,3.6371,1.593,1.9072,1.2477,2.3243,1.1312,1.1314,2.0982,0,1.3151,3.1706,1.5558,1.5929,2.2835,0.90922,0.52388,1.8111,1.2117,1.3151,0,3.6816,1.2106,2.1035,1.72,1.7074,3.4434,2.0839,3.6371,3.1706,3.6816,0,4.3449,2.9734,4.4585,3.8649,1.0442,2.3114,1.593,1.5558,1.2106,4.3449,0,1.8808,1.0311,1.1943,1.5897,1.3635,1.9072,1.5929,2.1035,2.9734,1.8808,0,1.8781,1.5613,1.4364,2.6473,1.2477,2.2835,1.72,4.4585,1.0311,1.8781,0,1.9896,1.4463,1.8282,2.3243,0.90922,1.7074,3.8649,1.1943,1.5613,1.9896,0
0,2.0077,1.5184,1.1426,1.0354,2.2561,1.089,2.4591,2.0223,1.5113,2.0077,0,2.1535,1.3339,1.9914,1.7221,2.3743,0.62056,3.3221,1.631,1.5184,2.1535,0,1.9072,1.1258,1.2712,1.3772,2.2466,1.397,1.7513,1.1426,1.3339,1.9072,0,1.7959,2.1589,1.4917,1.7849,2.9321,0.77377,1.0354,1.9914,1.1258,1.7959,0,1.8144,1.6156,2.3004,1.4883,2.0717,2.2561,1.7221,1.2712,2.1589,1.8144,0,2.0223,1.6174,2.4492,1.9132,1.089,2.3743,1.3772,1.4917,1.6156,2.0223,0,2.7136,2.0205,1.2644,2.4591,0.62056,2.2466,1.7849,2.3004,1.6174,2.7136,0,3.4996,1.9016,2.0223,3.3221,1.397,2.9321,1.4883,2.4492,2.0205,3.4996,0,2.9206,1.5113,1.631,1.7513,0.77377,2.0717,1.9132,1.2644,1.9016,2.9206,0
0,2.2489,1.3832,1.926,0.70164,3.4699,0.70164,2.3671,1.6916,1.5216,2.2489,0,2.733,1.8663,2.689,1.3541,2.5435,0.71151,2.8689,1.5758,1.3832,2.733,0,2.1604,0.9269,3.5903,1.0551,2.6633,0.44653,1.6671,1.926,1.8663,2.1604,0,1.9582,2.5152,1.6836,1.3706,2.0627,0.6215,0.70164,2.689,0.9269,1.9582,0,3.77,0.29603,2.6633,1.1666,1.5831,3.4699,1.3541,3.5903,2.5152,3.77,0,3.6098,1.2273,3.6037,2.3774,0.70164,2.5435,1.0551,1.6836,0.29603,3.6098,0,2.4684,1.218,1.3544,2.3671,0.71151,2.6633,1.3706,2.6633,1.2273,2.4684,0,2.689,1.2273,1.6916,2.8689,0.44653,2.0627,1.1666,3.6037,1.218,2.689,0,1.6407,1.5216,1.5758,1.6671,0.6215,1.5831,2.3774,1.3544,1.2273,1.6407,0
0,2.509,1.4493,1.3706,0.32835,2.9536,0.54655,2.2958,1.6063,1.2864,2.509,0,2.9233,1.6966,2.7977,1.5037,2.7009,0.25679,3.1487,1.5383,1.4493,2.9233,0,2.5584,1.3768,2.5779,1.0414,2.7469,0.25292,2.3773,1.3706,1.6966,2.5584,0,1.6725,2.7881,1.8239,1.5257,2.7697,0.36178,0.32835,2.7977,1.3768,1.6725,0,3.1643,0.4049,2.5782,1.4889,1.5776,2.9536,1.5037,2.5779,2.7881,3.1643,0,2.9114,1.5571,2.7651,2.5791,0.54655,2.7009,1.0414,1.8239,0.4049,2.9114,0,2.4792,1.1515,1.6614,2.2958,0.25679,2.7469,1.5257,2.5782,1.5571,2.4792,0,2.9682,1.3314,1.6063,3.1487,0.25292,2.7697,1.4889,2.7651,1.1515,2.9682,0,2.5829,1.2864,1.5383,2.3773,0.36178,1.5776,2.5791,1.6614,1.3314,2.5829,0
0,2.3387,2.516,1.2784,0.44051,2.7366,0.55502,2.1296,1.085,1.422,2.3387,0,1.3772,2.1842,2.4693,0.99983,2.0121,1.746,1.7397,1.3128,2.516,1.3772,0,2.8428,2.5907,2.2247,2.0753,2.3059,1.7168,2.0701,1.2784,2.1842,2.8428,0,1.6613,2.5473,1.5957,1.3047,1.3472,0.87912,0.44051,2.4693,2.5907,1.6613,0,2.777,0.5229,2.5134,1.3955,1.7288,2.7366,0.99983,2.2247,2.5473,2.777,0,2.4344,2.4439,2.4845,1.8244,0.55502,2.0121,2.0753,1.5957,0.5229,2.4344,0,2.192,1.0001,1.4143,2.1296,1.746,2.3059,1.3047,2.5134,2.4439,2.192,0,1.377,0.9785,1.085,1.7397,1.7168,1.3472,1.3955,2.4845,1.0001,1.377,0,1.0109,1.422,1.3128,2.0701,0.87912,1.7288,1.8244,1.4143,0.9785,1.0109,0
0,2.2267,1.8645,1.5247,0.36228,2.5817,1.2103,2.6076,2.441,1.7655,2.2267,0,2.2528,1.5777,2.2662,0.69658,2.2442,1.1364,2.0394,1.7112,1.8645,2.2528,0,2.7108,1.7655,2.5891,1.6065,2.195,0.80664,2.1158,1.5247,1.5777,2.7108,0,1.7655,2.029,1.7377,2.0077,2.8937,1.3025,0.36228,2.2662,1.7655,1.7655,0,2.5415,1.4549,2.7312,2.3803,2.029,2.5817,0.69658,2.5891,2.029,2.5415,0,2.8252,1.7485,2.3705,2.3881,1.2103,2.2442,1.6065,1.7377,1.4549,2.8252,0,2.0394,2.0049,1.0005,2.6076,1.1364,2.195,2.0077,2.7312,1.7485,2.0394,0,1.7774,1.324,2.441,2.0394,0.80664,2.8937,2.3803,2.3705,2.0049,1.7774,0,2.1687,1.7655,1.7112,2.1158,1.3025,2.029,2.3881,1.0005,1.324,2.1687,0
