5412,5584,3444,8031,5178,4077,4299,3607,8086,3795,5584,3874,4612,9565,2824,3514,3899,3289,5954,8471,3444,4612,2910,4510,3153,3484,6876,4410,5052,4658,8031,9565,4510,4220,3075,3953,3968,3872,3703,3498,5178,2824,3153,3075,4440,5701,4377,3200,3319,3876,4077,3514,3484,3953,5701,3257,3054,3788,4849,4391,4299,3899,6876,3968,4377,3054,4822,4628,5728,4588,3607,3289,4410,3872,3200,3788,4628,3404,3695,6079,8086,5954,5052,3703,3319,4849,5728,3695,3094,3200,3795,8471,4658,3498,3876,4391,4588,6079,3200,4298
4503,13256,7249,4869,6086,3681,11152,6047,4491,8930,13256,4478,5800,5569,10991,8504,5399,12741,7295,5101,7249,5800,6012,10376,6629,8720,6757,5862,7717,7595,4869,5569,10376,8382,11202,5911,7173,6588,6186,8969,6086,10991,6629,11202,5279,15947,6256,6888,7294,6490,3681,8504,8720,5911,15947,5497,6672,14201,4979,8881,11152,5399,6757,7173,6256,6672,5888,6058,7364,5713,6047,12741,5862,6588,6888,14201,6058,4420,7780,8379,4491,7295,7717,6186,7294,4979,7364,7780,5459,5414,8930,5101,7595,8969,6490,8881,5713,8379,5414,5148
2956,3075,2357,2320,2839,2854,4782,2764,2980,3422,3075,3563,2888,2787,2588,2582,2198,6380,4144,2366,2357,2888,2884,2528,2721,3944,2644,2903,2353,2336,2320,2787,2528,3824,2585,3133,2436,2927,2258,2203,2839,2588,2721,2585,2912,3020,2507,2824,2987,3032,2854,2582,3944,3133,3020,4144,4132,2631,3322,2616,4782,2198,2644,2436,2507,4132,2840,2326,2674,2656,2764,6380,2903,2927,2824,2631,2326,2924,4320,4320,2980,4144,2353,2258,2987,3322,2674,4320,2808,3216,3422,2366,2336,2203,3032,2616,2656,4320,3216,4638
3504,3298,10090,3765,4359,3521,4089,2533,5481,3233,3298,2537,4743,2161,4189,3992,2806,4568,3061,18580,10090,4743,8448,3515,4779,2772,2076,3457,12315,2654,3765,2161,3515,5168,3415,3555,4222,3446,5269,2754,4359,4189,4779,3415,3530,3289,3373,3575,2560,3026,3521,3992,2772,3555,3289,2313,3078,4449,3224,3276,4089,2806,2076,4222,3373,3078,4653,3374,4112,3759,2533,4568,3457,3446,3575,4449,3374,5051,2776,13300,5481,3061,12315,5269,2560,3224,4112,2776,7914,4370,3233,18580,2654,2754,3026,3276,3759,13300,4370,4062
8504,5270,16668,5828,19848,8154,4471,5323,7527,4334,5270,12738,4652,4192,6334,4998,8991,9281,8852,4341,16668,4652,6843,6294,24015,9477,5992,7437,6550,5434,5828,4192,6294,4643,3881,4776,14822,7866,15372,7183,19848,6334,24015,3881,6882,8627,7759,16371,7807,10102,8154,4998,9477,4776,8627,7130,9000,7752,5736,5186,4471,8991,5992,14822,7759,9000,6814,4758,7713,10797,5323,9281,7437,7866,16371,7752,4758,6195,8836,7140,7527,8852,6550,15372,7807,5736,7713,8836,7366,4534,4334,4341,5434,7183,10102,5186,10797,7140,4534,5713
3198,2152,2902,2737,1862,3861,2335,2980,3362,1359,2152,1169,2115,1847,1288,4110,1850,1947,2844,1876,2902,2115,2637,2347,3698,1883,2212,2556,2311,2077,2737,1847,2347,1436,1370,2019,3223,2288,2713,3517,1862,1288,3698,1370,2641,2667,3194,2498,1970,2112,3861,4110,1883,2019,2667,2265,1850,1953,2646,2567,2335,1850,2212,3223,3194,1850,2423,2184,5034,2421,2980,1947,2556,2288,2498,1953,2184,2924,3230,2980,3362,2844,2311,2713,1970,2646,5034,3230,2587,1991,1359,1876,2077,3517,2112,2567,2421,2980,1991,1767
4925,6817,4168,4248,4891,6178,4380,7008,5637,5279,6817,4395,3256,3440,2892,5510,4178,4728,5112,6322,4168,3256,3558,3331,4478,2597,2645,3164,10384,6445,4248,3440,3331,4245,3374,3207,4568,3911,3318,12464,4891,2892,4478,3374,4420,2411,4499,4497,4365,8111,6178,5510,2597,3207,2411,7079,6514,4398,4546,3283,4380,4178,2645,4568,4499,6514,3972,4200,4289,3779,7008,4728,3164,3911,4497,4398,4200,3345,3272,6146,5637,5112,10384,3318,4365,4546,4289,3272,6042,2757,5279,6322,6445,12464,8111,3283,3779,6146,2757,3772
1113,2494,3244,3553,10506,2176,1760,2370,2738,1792,2494,1807,1973,1904,2065,2535,2657,1440,3137,2240,3244,1973,1840,1979,1984,2063,2033,1664,1552,3024,3553,1904,1979,1760,5049,1472,1505,1761,2000,2241,10506,2065,1984,5049,1552,2048,2208,1694,2008,11746,2176,2535,2063,1472,2048,1888,2497,1344,1489,1552,1760,2657,2033,1505,2208,2497,1679,2208,1472,1903,2370,1440,1664,1761,1694,1344,2208,1727,1312,1249,2738,3137,1552,2000,2008,1489,1472,1312,1920,2864,1792,2240,3024,2241,11746,1552,1903,1249,2864,4160
7252,3828,4768,2966,3910,4607,4396,5226,4000,7586,3828,3456,3720,5466,3781,6746,3382,4181,3863,3666,4768,3720,3714,2960,3780,4774,5280,4633,4559,3463,2966,5466,2960,3356,3140,4518,3768,3978,4506,2964,3910,3781,3780,3140,4260,2993,4187,3093,5792,4885,4607,6746,4774,4518,2993,2991,3760,5353,3507,6817,4396,3382,5280,3768,4187,3760,3088,3779,2875,2748,5226,4181,4633,3978,3093,5353,3779,2764,3376,6560,4000,3863,4559,4506,5792,3507,2875,3376,2536,6810,7586,3666,3463,2964,4885,6817,2748,6560,6810,4493
3496,3659,3872,3399,3524,3635,4879,3449,3035,2853,3659,4071,2576,3634,3113,2825,3285,3883,4493,3697,3872,2576,3412,4144,3536,2901,3137,2988,3049,2950,3399,3634,4144,3012,3959,3076,2778,3386,2949,3511,3524,3113,3536,3959,3162,3648,3634,3311,2838,3895,3635,2825,2901,3076,3648,2863,4229,3224,3362,3162,4879,3285,3137,2778,3634,4229,2788,2913,3088,5887,3449,3883,2988,3386,3311,3224,2913,2751,2988,4927,3035,4493,3049,2949,2838,3362,3088,2988,3947,2975,2853,3697,2950,3511,3895,3162,5887,4927,2975,3522
3271,4523,5664,3741,4226,3445,3187,3773,5218,3467,4523,3053,3634,3758,7803,3822,5320,3061,6078,5382,5664,3634,4274,5110,3804,3882,5352,7454,3382,3725,3741,3758,5110,3092,8820,2718,3743,2953,3217,6048,4226,7803,3804,8820,3445,3506,5961,2819,2882,2868,3445,3822,3882,2718,3506,7366,3250,2915,3515,4985,3187,5320,5352,3743,5961,3250,3000,4054,9490,4110,3773,3061,7454,2953,2819,2915,4054,6296,5336,3990,5218,6078,3382,3217,2882,3515,9490,5336,3532,5795,3467,5382,3725,6048,2868,4985,4110,3990,5795,3374
5415,4312,4440,4121,5735,5552,6379,4656,3373,4191,4312,6504,5032,4877,5191,4105,5184,4032,4879,4951,4440,5032,4348,5933,5927,5712,4024,15495,5407,4303,4121,4877,5933,4319,3480,3528,6711,4080,5367,4327,5735,5191,5927,3480,4241,5791,4584,4024,5804,6136,5552,4105,5712,3528,5791,5112,5303,6863,5911,5375,6379,5184,4024,6711,4584,5303,3492,4688,4870,3687,4656,4032,15495,4080,4024,6863,4688,3360,4560,4784,3373,4879,5407,5367,5804,5911,4870,4560,3927,3096,4191,4951,4303,4327,6136,5375,3687,4784,3096,3660
2534,3890,4059,5659,3310,6860,5956,3309,4849,5584,3890,4449,9925,4659,11352,2958,6810,3599,4974,2727,4059,9925,2928,3932,6379,4318,2530,9320,7350,5870,5659,4659,3932,6776,3711,5400,4643,3448,5015,5201,3310,11352,6379,3711,4656,3268,3343,7488,2524,5097,6860,2958,4318,5400,3268,5776,3086,3912,3189,9365,5956,6810,2530,4643,3343,3086,4470,5826,2495,2990,3309,3599,9320,3448,7488,3912,5826,6342,3016,5128,4849,4974,7350,5015,2524,3189,2495,3016,5112,4433,5584,2727,5870,5201,5097,9365,2990,5128,4433,4582
3497,3401,3359,2928,3457,3327,3592,3096,3424,3279,3401,9431,2856,4391,5159,3736,3928,2824,3688,4511,3359,2856,2881,2960,3440,6392,2656,4537,3176,3656,2928,4391,2960,3568,5120,4119,2904,2664,2953,4032,3457,5159,3440,5120,3753,2832,4488,3544,3207,5408,3327,3736,6392,4119,2832,3063,2895,3288,3312,3832,3592,3928,2656,2904,4488,2895,3528,3800,4217,3487,3096,2824,4537,2664,3544,3288,3800,3544,4416,4152,3424,3688,3176,2953,3207,3312,4217,4416,3049,4712,3279,4511,3656,4032,5408,3832,3487,4152,4712,2679
